1394521249, 1.00
1394521326, 1.00
1394521403, 1.00
1394521480, 1.00
1394521557, 1.00
1394521635, 1.00
1394521712, 1.00
1394521789, 1.00
1394521866, 1.00
1394521944, 1.00
1394522021, 1.00
1394522098, 1.00
1394522175, 1.00
1394522252, 1.00
1394522329, 1.00
1394522406, 1.00
1394522483, 1.00
1394522560, 1.00
1394522638, 1.00
1394522715, 1.00
1394522792, 1.00
1394522947, 1.00
1394523024, 1.00
1394523101, 1.00
1394523178, 1.00
1394523255, 1.00
1394523332, 1.00
1394523409, 1.00
1394523486, 1.00
1394523563, 1.00
1394523640, 1.00
1394523717, 1.00
1394523794, 1.00
1394523872, 1.00
1394523949, 1.00
1394524026, 1.00
1394524103, 1.00
1394524334, 1.00
1394524411, 1.00
1394524489, 1.00
1394524643, 1.00
1394524720, 1.00
1394524797, 1.00
1394524875, 1.00
1394524952, 1.00
1394525029, 1.00
1394525106, 1.00
1394525184, 1.00
1394525261, 1.00
1394525338, 1.00
1394525416, 1.00
1394525493, 1.00
1394525570, 1.00
1394525647, 1.00
1394525724, 1.00
1394525801, 1.00
1394525878, 1.00
1394525955, 1.00
1394526032, 1.00
1394526109, 1.00
1394526186, 1.00
1394526263, 1.00
1394526341, 1.00
1394526495, 1.00
1394526572, 1.00
1394526649, 1.00
1394526726, 1.00
1394526803, 1.00
1394526881, 1.00
1394526958, 1.00
1394527035, 1.00
1394527112, 1.00
1394527190, 1.00
1394527344, 1.00
1394527421, 1.00
1394527498, 1.00
1394527575, 1.00
1394527652, 1.00
1394527729, 1.00
1394527806, 1.00
1394527883, 1.00
1394527960, 1.00
1394528037, 1.00
1394528115, 1.00
1394528192, 1.00
1394528269, 1.00
1394528346, 1.00
1394528423, 1.00
1394528500, 1.00
1394528578, 1.00
1394528655, 1.00
1394528732, 1.00
1394528809, 1.00
1394528886, 1.00
1394528963, 1.00
1394529040, 1.00
1394529118, 1.00
1394529195, 1.00
1394529272, 1.00
1394529349, 1.00
1394529426, 1.00
1394529504, 1.00
1394529581, 1.00
1394529658, 1.00
1394529735, 1.00
1394529812, 1.00
1394529889, 1.00
1394529967, 1.00
1394530044, 1.00
1394530121, 1.00
1394530198, 1.00
1394530275, 1.00
1394530352, 1.00
1394530429, 1.00
1394530507, 1.00
1394530584, 1.00
1394530661, 1.00
1394530738, 1.00
1394530815, 1.00
1394530892, 1.00
1394530969, 1.00
1394531046, 1.00
1394531201, 1.00
1394531278, 1.00
1394531355, 1.00
1394531432, 1.00
1394531509, 1.00
1394531587, 1.00
1394531664, 1.00
1394531741, 1.00
1394531818, 1.00
1394531895, 1.00
1394531972, 1.00
1394532049, 1.00
1394532126, 1.00
1394532203, 1.00
1394532281, 1.00
1394532358, 1.00
1394532435, 1.00
1394532512, 1.00
1394532589, 1.00
1394532666, 1.00
1394532744, 1.00
1394532898, 1.00
1394532975, 1.00
1394533052, 1.00
1394533129, 1.00
1394533206, 1.00
1394533283, 1.00
1394533360, 1.00
1394533438, 1.00
1394533515, 1.00
1394533592, 1.00
1394533669, 1.00
1394533746, 1.00
1394533824, 1.00
1394533901, 1.00
1394533978, 1.00
1394534055, 1.00
1394534132, 1.00
1394534209, 1.00
1394534286, 1.00
1394534363, 1.00
1394534441, 1.00
1394534518, 1.00
1394534595, 1.00
1394534672, 1.00
1394534750, 1.00
1394534827, 1.00
1394534904, 1.00
1394534981, 1.00
1394535059, 1.00
1394535136, 1.00
1394535213, 1.00
1394535290, 1.00
1394535444, 1.00
1394535521, 1.00
1394535598, 1.00
1394535675, 1.00
1394535752, 1.00
1394535829, 1.00
1394535906, 1.00
1394535983, 1.00
1394536060, 1.00
1394536138, 1.00
1394536215, 1.00
1394536292, 1.00
1394536369, 1.00
1394536446, 1.00
1394536523, 1.00
1394536600, 1.00
1394536677, 1.00
1394536754, 1.00
1394536832, 1.00
1394536909, 1.00
1394536986, 1.00
1394537063, 1.00
1394537140, 1.00
1394537217, 1.00
1394537294, 1.00
1394537371, 1.00
1394537448, 1.00
1394537525, 1.00
1394537602, 1.00
1394537679, 1.00
1394537756, 1.00
1394537833, 1.00
1394537911, 1.00
1394537988, 1.00
1394538065, 1.00
1394538143, 1.00
1394538297, 1.00
1394538375, 1.00
1394538452, 1.00
1394538530, 1.00
1394538685, 1.00
1394538763, 1.00
1394538840, 1.00
1394538918, 1.00
1394538995, 1.00
1394539073, 1.00
1394539150, 1.00
1394539227, 1.00
1394539304, 1.00
1394539382, 1.00
1394539459, 1.00
1394539537, 1.00
1394539614, 1.00
1394539691, 1.00
1394539768, 1.00
1394539845, 1.00
1394539922, 1.00
1394540000, 1.00
1394540077, 1.00
1394540308, 1.00
1394540385, 1.00
1394540462, 1.00
1394540540, 1.00
1394540617, 1.00
1394540694, 1.00
1394540771, 1.00
1394540848, 1.00
1394540926, 1.00
1394541003, 1.00
1394541081, 1.00
1394541158, 1.00
1394541236, 1.00
1394541313, 1.00
1394541391, 1.00
1394541622, 1.00
1394541699, 1.00
1394541777, 1.00
1394541854, 1.00
1394541931, 1.00
1394542009, 1.00
1394542086, 1.00
1394542163, 1.00
1394542241, 1.00
1394542396, 1.00
1394542550, 1.00
1394542627, 1.00
1394542781, 1.00
1394542858, 1.00
1394542936, 1.00
1394543013, 1.00
1394543091, 1.00
1394543168, 1.00
1394543246, 1.00
1394543323, 1.00
1394543477, 1.00
1394543554, 1.00
1394543632, 1.00
1394543709, 1.00
1394543786, 1.00
1394543941, 1.00
1394544018, 1.00
1394544096, 1.00
1394544173, 1.00
1394544251, 1.00
1394544329, 1.00
1394544406, 1.00
1394544483, 1.00
1394544560, 1.00
1394544637, 1.00
1394544714, 1.00
1394544791, 1.00
1394544868, 1.00
1394544946, 1.00
1394545103, 1.00
1394545180, 1.00
1394545258, 1.00
1394545336, 1.00
1394545413, 1.00
1394545491, 1.00
1394545568, 1.00
1394545645, 1.00
1394545723, 1.00
1394545801, 1.00
1394545878, 1.00
1394545955, 1.00
1394546032, 1.00
1394546110, 1.00
1394546187, 1.00
1394546265, 1.00
1394546343, 1.00
1394546421, 1.00
1394546498, 1.00
1394546575, 1.00
1394546652, 1.00
1394546730, 1.00
1394546807, 1.00
1394546884, 1.00
1394546961, 1.00
1394547038, 1.00
1394547116, 1.00
1394547193, 1.00
1394547270, 1.00
1394547347, 1.00
1394547425, 1.00
1394547502, 1.00
1394547580, 1.00
1394547657, 1.00
1394547734, 1.00
1394547812, 1.00
1394547890, 1.00
1394547967, 1.00
1394548044, 1.00
1394548121, 1.00
1394548199, 1.00
1394548276, 1.00
1394548353, 1.00
1394548430, 1.00
1394548507, 1.00
1394548584, 1.00
1394548661, 1.00
1394548738, 1.00
1394548816, 1.00
1394548893, 1.00
1394548970, 1.00
1394549047, 1.00
1394549124, 1.00
1394549355, 1.00
1394549432, 1.00
1394549509, 1.00
1394549586, 1.00
1394549663, 1.00
1394549740, 1.00
1394549817, 1.00
1394549895, 1.00
1394549972, 1.00
1394550049, 1.00
1394550126, 1.00
1394550203, 1.00
1394550281, 1.00
1394550359, 1.00
1394550437, 1.00
1394550514, 1.00
1394550669, 1.00
1394550747, 1.00
1394550824, 1.00
1394550901, 1.00
1394550978, 1.00
1394551055, 1.00
1394551133, 1.00
1394551211, 1.00
1394551288, 1.00
1394551365, 1.00
1394551442, 1.00
1394551520, 1.00
1394551597, 1.00
1394551675, 1.00
1394551752, 1.00
1394551829, 1.00
1394551906, 1.00
1394551984, 1.00
1394552061, 1.00
1394552138, 1.00
1394552215, 1.00
1394552293, 1.00
1394552370, 1.00
1394552448, 1.00
1394552525, 1.00
1394552602, 1.00
1394552679, 1.00
1394552756, 1.00
1394552834, 1.00
1394552912, 1.00
1394552989, 1.00
1394553067, 1.00
1394553144, 1.00
1394553222, 1.00
1394553299, 1.00
1394553376, 1.00
1394553455, 1.00
1394553532, 1.00
1394553609, 1.00
1394553687, 1.00
1394553764, 1.00
1394553919, 1.00
1394553996, 1.00
1394554074, 1.00
1394554151, 1.00
1394554229, 1.00
1394554307, 1.00
1394554385, 1.00
1394554462, 1.00
1394554539, 1.00
1394554617, 1.00
1394554696, 1.00
1394554773, 1.00
1394554850, 1.00
1394554928, 1.00
1394555005, 1.00
1394555082, 1.00
1394555159, 1.00
1394555236, 1.00
1394555314, 1.00
1394555391, 1.00
1394555468, 1.00
1394555545, 1.00
1394555622, 1.00
1394555700, 1.00
1394555777, 1.00
1394555855, 1.00
1394555933, 1.00
1394556010, 1.00
1394556087, 1.00
1394556165, 1.00
1394556242, 1.00
1394556319, 1.00
1394556396, 1.00
1394556473, 1.00
1394556550, 1.00
1394556628, 1.00
1394556705, 1.00
1394556783, 1.00
1394556860, 1.00
1394556937, 1.00
1394557014, 1.00
1394557092, 1.00
1394557169, 1.00
1394557323, 1.00
1394557401, 1.00
1394557478, 1.00
1394557632, 1.00
1394557709, 1.00
1394557786, 1.00
1394557864, 1.00
1394557941, 1.00
1394558018, 1.00
1394558095, 1.00
1394558172, 1.00
1394558249, 1.00
1394558328, 1.00
1394558405, 1.00
1394558482, 1.00
1394558559, 1.00
1394558636, 1.00
1394558714, 1.00
1394558791, 1.00
1394558868, 1.00
1394558946, 1.00
1394559023, 1.00
1394559100, 1.00
1394559177, 1.00
1394559254, 1.00
1394559332, 1.00
1394559486, 1.00
1394559563, 1.00
1394559640, 1.00
1394559718, 1.00
1394559795, 1.00
1394559872, 1.00
1394559949, 1.00
1394560026, 1.00
1394560104, 1.00
1394560181, 1.00
1394560258, 1.00
1394560335, 1.00
1394560412, 1.00
1394560489, 1.00
1394560566, 1.00
1394560643, 1.00
1394560721, 1.00
1394560798, 1.00
1394560875, 1.00
1394560953, 1.00
1394561030, 1.00
1394561107, 1.00
1394561184, 1.00
1394561261, 1.00
1394561338, 1.00
1394561415, 1.00
1394561493, 1.00
1394561647, 1.00
1394561724, 1.00
1394561801, 1.00
1394561878, 1.00
1394561955, 1.00
1394562032, 1.00
1394562110, 1.00
1394562187, 1.00
1394562264, 1.00
1394562341, 1.00
1394562418, 1.00
1394562495, 1.00
1394562572, 1.00
1394562650, 1.00
1394562727, 1.00
1394562804, 1.00
1394562881, 1.00
1394562958, 1.00
1394563035, 1.00
1394563113, 1.00
1394563267, 1.00
1394563344, 1.00
1394563422, 1.00
1394563499, 1.00
1394563576, 1.00
1394563653, 1.00
1394563730, 1.00
1394563807, 1.00
1394563961, 1.00
1394564038, 1.00
1394564116, 1.00
1394564193, 1.00
1394564501, 1.00
1394564578, 1.00
1394564655, 1.00
1394564732, 1.00
1394564809, 1.00
1394564887, 1.00
1394564964, 1.00
1394565041, 1.00
1394565119, 1.00
1394565196, 1.00
1394565350, 1.00
1394565428, 1.00
1394565505, 1.00
1394565583, 1.00
1394565660, 1.00
1394565737, 1.00
1394565814, 1.00
1394565892, 1.00
1394566123, 1.00
1394566200, 1.00
1394566277, 1.00
1394566354, 1.00
1394566432, 1.00
1394566509, 1.00
1394566586, 1.00
1394566663, 1.00
1394566740, 1.00
1394566818, 1.00
1394566895, 1.00
1394566972, 1.00
1394567049, 1.00
1394567126, 1.00
1394567203, 1.00
1394567280, 1.00
1394567357, 1.00
1394567434, 1.00
1394567512, 1.00
1394567589, 1.00
1394567666, 1.00
1394567743, 1.00
1394567821, 1.00
1394567898, 1.00
1394567975, 1.00
1394568052, 1.00
1394568129, 1.00
1394568206, 1.00
1394568283, 1.00
1394568361, 1.00
1394568438, 1.00
1394568515, 1.00
1394568592, 1.00
1394568669, 1.00
1394568746, 1.00
1394568823, 1.00
1394568900, 1.00
1394568978, 1.00
1394569055, 1.00
1394569132, 1.00
1394569209, 1.00
1394569286, 1.00
1394569363, 1.00
1394569440, 1.00
1394569517, 1.00
1394569594, 1.00
1394569671, 1.00
1394569748, 1.00
1394569825, 1.00
1394569902, 1.00
1394569979, 1.00
1394570056, 1.00
1394570133, 1.00
1394570211, 1.00
1394570289, 1.00
1394570366, 1.00
1394570443, 1.00
1394570520, 1.00
1394570597, 1.00
1394570674, 1.00
1394570828, 1.00
1394570905, 1.00
1394570982, 1.00
1394571059, 1.00
1394571136, 1.00
1394571213, 1.00
1394571290, 1.00
1394571367, 1.00
1394571445, 1.00
1394571599, 1.00
1394571676, 1.00
1394571754, 1.00
1394571985, 1.00
1394572063, 1.00
1394572140, 1.00
1394572218, 1.00
1394572295, 1.00
1394572372, 1.00
1394572449, 1.00
1394572526, 1.00
1394572604, 1.00
1394572681, 1.00
1394572758, 1.00
1394572835, 1.00
1394572913, 1.00
1394572990, 1.00
1394573067, 1.00
1394573144, 1.00
1394573221, 1.00
1394573299, 1.00
1394573453, 1.00
1394573530, 1.00
1394573607, 1.00
1394573685, 1.00
1394573762, 1.00
1394573839, 1.00
1394573917, 1.00
1394573994, 1.00
1394574071, 1.00
1394574149, 1.00
1394574227, 1.00
1394574304, 1.00
1394574381, 1.00
1394574458, 1.00
1394574536, 1.00
1394574613, 1.00
1394574690, 1.00
1394574768, 1.00
1394574846, 1.00
1394574923, 1.00
1394575001, 1.00
1394575078, 1.00
1394575155, 1.00
1394575232, 1.00
1394575309, 1.00
1394575387, 1.00
1394575542, 1.00
1394575696, 1.00
1394575773, 1.00
1394575851, 1.00
1394575928, 1.00
1394576005, 1.00
1394576083, 1.00
1394576161, 1.00
1394576239, 1.00
1394576317, 1.00
1394576394, 1.00
1394576471, 1.00
1394576549, 1.00
1394576626, 1.00
1394576704, 1.00
1394576782, 1.00
1394576936, 1.00
1394577014, 1.00
1394577091, 1.00
1394577169, 1.00
1394577247, 1.00
1394577324, 1.00
1394577401, 1.00
1394577479, 1.00
1394577556, 1.00
1394577710, 1.00
1394577788, 1.00
1394577865, 1.00
1394577942, 1.00
1394578019, 1.00
1394578096, 1.00
1394578174, 1.00
1394578252, 1.00
1394578329, 1.00
1394578407, 1.00
1394578484, 1.00
1394578562, 1.00
1394578639, 1.00
1394578716, 1.00
1394578793, 1.00
1394578870, 1.00
1394578947, 1.00
1394579024, 1.00
1394579101, 1.00
1394579178, 1.00
1394579255, 1.00
1394579410, 1.00
1394579487, 1.00
1394579565, 1.00
1394579642, 1.00
1394579719, 1.00
1394579796, 1.00
1394579874, 1.00
1394579951, 1.00
1394580028, 1.00
1394580105, 1.00
1394580183, 1.00
1394580260, 1.00
1394580337, 1.00
1394580414, 1.00
1394580491, 1.00
1394580568, 1.00
1394580646, 1.00
1394580723, 1.00
1394580800, 1.00
1394580955, 1.00
1394581032, 1.00
1394581110, 1.00
1394581187, 1.00
1394581265, 1.00
1394581342, 1.00
1394581419, 1.00
1394581497, 1.00
1394581574, 1.00
1394581651, 1.00
1394581728, 1.00
1394581805, 1.00
1394581883, 1.00
1394582037, 1.00
1394582114, 1.00
1394582191, 1.00
1394582268, 1.00
1394582346, 1.00
1394582423, 1.00
1394582500, 1.00
1394582577, 1.00
1394582654, 1.00
1394582732, 1.00
1394582809, 1.00
1394582886, 1.00
1394582963, 1.00
1394583040, 1.00
1394583117, 1.00
1394583194, 1.00
1394583271, 1.00
1394583348, 1.00
1394583425, 1.00
1394583502, 1.00
1394583579, 1.00
1394583656, 1.00
1394583733, 1.00
1394583810, 1.00
1394583888, 1.00
1394583965, 1.00
1394584042, 1.00
1394584119, 1.00
1394584196, 1.00
1394584427, 1.00
1394584504, 1.00
1394584581, 1.00
1394584658, 1.00
1394584735, 1.00
1394584812, 1.00
1394584889, 1.00
1394584966, 1.00
1394585043, 1.00
1394585120, 1.00
1394585198, 1.00
1394585275, 1.00
1394585352, 1.00
1394585429, 1.00
1394585506, 1.00
1394585584, 1.00
1394585661, 1.00
1394585738, 1.00
1394585815, 1.00
1394586046, 1.00
1394586123, 1.00
1394586200, 1.00
1394586277, 1.00
1394586354, 1.00
1394586431, 1.00
1394586508, 1.00
1394586585, 1.00
1394586662, 1.00
1394586739, 1.00
1394586816, 1.00
1394586893, 1.00
1394586971, 1.00
1394587048, 1.00
1394587125, 1.00
1394587202, 1.00
1394587279, 1.00
1394587356, 1.00
1394587433, 1.00
1394587510, 1.00
1394587587, 1.00
1394587665, 1.00
1394587742, 1.00
1394587896, 1.00
1394587973, 1.00
1394588050, 1.00
1394588128, 1.00
1394588205, 1.00
1394588282, 1.00
1394588359, 1.00
1394588436, 1.00
1394588513, 1.00
1394588590, 1.00
1394588667, 1.00
1394588744, 1.00
1394588822, 1.00
1394588899, 1.00
1394588976, 1.00
1394589053, 1.00
1394589130, 1.00
1394589208, 1.00
1394589285, 1.00
1394589362, 1.00
1394589440, 1.00
1394589517, 1.00
1394589671, 1.00
1394589748, 1.00
1394589826, 1.00
1394589903, 1.00
1394589980, 1.00
1394590058, 1.00
1394590135, 1.00
1394590212, 1.00
1394590289, 1.00
1394590367, 1.00
1394590444, 1.00
1394590521, 1.00
1394590599, 1.00
1394590676, 1.00
1394590753, 1.00
1394590831, 1.00
1394590908, 1.00
1394590985, 1.00
1394591062, 1.00
1394591139, 1.00
1394591217, 1.00
1394591294, 1.00
1394591372, 1.00
1394591449, 1.00
1394591527, 1.00
1394591604, 1.00
1394591681, 1.00
1394591758, 1.00
1394591836, 1.00
1394591913, 1.00
1394591991, 1.00
1394592068, 1.00
1394592145, 1.00
1394592223, 1.00
1394592300, 1.00
1394592377, 1.00
1394592455, 1.00
1394592532, 1.00
1394592609, 1.00
1394592686, 1.00
1394592764, 1.00
1394592842, 1.00
1394592919, 1.00
1394592996, 1.00
1394593073, 1.00
1394593151, 1.00
1394593228, 1.00
1394593306, 1.00
1394593383, 1.00
1394593461, 1.00
1394593538, 1.00
1394593616, 1.00
1394593694, 1.00
1394593771, 1.00
1394593848, 1.00
1394593925, 1.00
1394594002, 1.00
1394594079, 1.00
1394594157, 1.00
1394594234, 1.00
1394594311, 1.00
1394594388, 1.00
1394594465, 1.00
1394594543, 1.00
1394594620, 1.00
1394594697, 1.00
1394594775, 1.00
1394594852, 1.00
1394594929, 1.00
1394595006, 1.00
1394595083, 1.00
1394595161, 1.00
1394595238, 1.00
1394595315, 1.00
1394595392, 1.00
1394595470, 1.00
1394595547, 1.00
1394595625, 1.00
1394595702, 1.00
1394595779, 1.00
1394595857, 1.00
1394595934, 1.00
1394596011, 1.00
1394596088, 1.00
1394596165, 1.00
1394596242, 1.00
1394596319, 1.00
1394596396, 1.00
1394596474, 1.00
1394596552, 1.00
1394596629, 1.00
1394596706, 1.00
1394596784, 1.00
1394596861, 1.00
1394596938, 1.00
1394597015, 1.00
1394597092, 1.00
1394597170, 1.00
1394597247, 1.00
1394597324, 1.00
1394597401, 1.00
1394597479, 1.00
1394597556, 1.00
1394597634, 1.00
1394597711, 1.00
1394597789, 1.00
1394597867, 1.00
1394597944, 1.00
1394598021, 1.00
1394598098, 1.00
1394598175, 1.00
1394598252, 1.00
1394598330, 1.00
1394598407, 1.00
1394598561, 1.00
1394598639, 1.00
1394598716, 1.00
1394598793, 1.00
1394598871, 1.00
1394599102, 1.00
1394599180, 1.00
1394599258, 1.00
1394599335, 1.00
1394599412, 1.00
1394599490, 1.00
1394599644, 1.00
1394599723, 1.00
1394599800, 1.00
1394599954, 1.00
1394600032, 1.00
1394600110, 1.00
1394600187, 1.00
1394600342, 1.00
1394600420, 1.00
1394600497, 1.00
1394600575, 1.00
1394600652, 1.00
1394600729, 1.00
1394600807, 1.00
1394600885, 1.00
1394600962, 1.00
1394601040, 1.00
1394601194, 1.00
1394601349, 1.00
1394601427, 1.00
1394601504, 1.00
1394601582, 1.00
1394601659, 1.00
1394601737, 1.00
1394601814, 1.00
1394601891, 1.00
1394601969, 1.00
1394602046, 1.00
1394602123, 1.00
1394602200, 1.00
1394602278, 1.00
1394602355, 1.00
1394602433, 1.00
1394602511, 1.00
1394602588, 1.00
1394602666, 1.00
1394602744, 1.00
1394602821, 1.00
1394602975, 1.00
1394603053, 1.00
1394603131, 1.00
1394603208, 1.00
1394603285, 1.00
1394603362, 1.00
1394603440, 1.00
1394603517, 1.00
1394603594, 1.00
1394603672, 1.00
1394603827, 1.00
1394603904, 1.00
1394603981, 1.00
1394604059, 1.00
1394604136, 1.00
1394604213, 1.00
1394604290, 1.00
1394604368, 1.00
1394604445, 1.00
1394604523, 1.00
1394604677, 1.00
1394604754, 1.00
1394604831, 1.00
1394604909, 1.00
1394604986, 1.00
1394605063, 1.00
1394605140, 1.00
1394605217, 1.00
1394605294, 1.00
1394605371, 1.00
1394605449, 1.00
1394605526, 1.00
1394605603, 1.00
1394605681, 1.00
1394605758, 1.00
1394605913, 1.00
1394605990, 1.00
1394606067, 1.00
1394606144, 1.00
1394606221, 1.00
1394606298, 1.00
1394606375, 1.00
1394606452, 1.00
1394606529, 1.00
1394606606, 1.00
1394606684, 1.00
1394606761, 1.00
1394606838, 1.00
1394606915, 1.00
1394606992, 1.00
1394607069, 1.00
1394607147, 1.00
1394607224, 1.00
1394607301, 1.00
1394607378, 1.00
1394607455, 1.00
1394607532, 1.00
1394607609, 1.00
1394607686, 1.00
1394607763, 1.00
1394607841, 1.00
1394607995, 1.00
1394608072, 1.00
1394608149, 1.00
1394608226, 1.00
1394608303, 1.00
1394608380, 1.00
1394608458, 1.00
1394608535, 1.00
1394608612, 1.00
1394608689, 1.00
1394608766, 1.00
1394608843, 1.00
1394608920, 1.00
1394608997, 1.00
1394609075, 1.00
1394609152, 1.00
1394609229, 1.00
1394609306, 1.00
1394609537, 1.00
1394609614, 1.00
1394609691, 1.00
1394609768, 1.00
1394609846, 1.00
1394609924, 1.00
1394610001, 1.00
1394610078, 1.00
1394610156, 1.00
1394610234, 1.00
1394610311, 1.00
1394610389, 1.00
1394610466, 1.00
1394610544, 1.00
1394610622, 1.00
1394610699, 1.00
1394610776, 1.00
1394610854, 1.00
1394610931, 1.00
1394611008, 1.00
1394611086, 1.00
1394611163, 1.00
1394611241, 1.00
1394611319, 1.00
1394611396, 1.00
1394611473, 1.00
1394611550, 1.00
1394611628, 1.00
1394611782, 1.00
1394611860, 1.00
1394612014, 1.00
1394612091, 1.00
1394612168, 1.00
1394612245, 1.00
1394612323, 1.00
1394612400, 1.00
1394612477, 1.00
1394612554, 1.00
1394612631, 1.00
1394612708, 1.00
1394612785, 1.00
1394612862, 1.00
1394612939, 1.00
1394613016, 1.00
1394613093, 1.00
1394613170, 1.00
1394613247, 1.00
1394613325, 1.00
1394613402, 1.00
1394613479, 1.00
1394613556, 1.00
1394613633, 1.00
1394613710, 1.00
1394613787, 1.00
1394613864, 1.00
1394613941, 1.00
1394614018, 1.00
1394614095, 1.00
1394614172, 1.00
1394614249, 1.00
1394614327, 1.00
1394614404, 1.00
1394614481, 1.00
1394614558, 1.00
1394614636, 1.00
1394614790, 1.00
1394615021, 1.00
1394615098, 1.00
1394615175, 1.00
1394615252, 1.00
1394615330, 1.00
1394615407, 1.00
1394615484, 1.00
1394615561, 1.00
1394615638, 1.00
1394615715, 1.00
1394615792, 1.00
1394615870, 1.00
1394615947, 1.00
1394616024, 1.00
1394616101, 1.00
1394616178, 1.00
1394616255, 1.00
1394616332, 1.00
1394616409, 1.00
1394616486, 1.00
1394616563, 1.00
1394616641, 1.00
1394616795, 1.00
1394616872, 1.00
1394616950, 1.00
1394617027, 1.00
1394617104, 1.00
1394617181, 1.00
1394617258, 1.00
1394617336, 1.00
1394617413, 1.00
1394617490, 1.00
1394617567, 1.00
1394617644, 1.00
1394617721, 1.00
1394617798, 1.00
1394617875, 1.00
1394617953, 1.00
1394618030, 1.00
1394618107, 1.00
1394618184, 1.00
1394618261, 1.00
1394618338, 1.00
1394618415, 1.00
1394618492, 1.00
1394618647, 1.00
1394618724, 1.00
1394618801, 1.00
1394618878, 1.00
1394618955, 1.00
1394619032, 1.00
1394619110, 1.00
1394619187, 1.00
1394619264, 1.00
1394619342, 1.00
1394619419, 1.00
1394619496, 1.00
1394619573, 1.00
1394619650, 1.00
1394619728, 1.00
1394619805, 1.00
1394619882, 1.00
1394619959, 1.00
1394620036, 1.00
1394620113, 1.00
1394620191, 1.00
1394620268, 1.00
1394620345, 1.00
1394620422, 1.00
1394620499, 1.00
1394620576, 1.00
1394620653, 1.00
1394620730, 1.00
1394620808, 1.00
1394620885, 1.00
1394620962, 1.00
1394621039, 1.00
1394621116, 1.00
1394621193, 1.00
1394621271, 1.00
1394621348, 1.00
1394621425, 1.00
1394621502, 1.00
1394621580, 1.00
1394621657, 1.00
1394621735, 1.00
1394621812, 1.00
1394621890, 1.00
1394622044, 1.00
1394622121, 1.00
1394622198, 1.00
1394622275, 1.00
1394622352, 1.00
1394622430, 1.00
1394622508, 1.00
1394622585, 1.00
1394622663, 1.00
1394622740, 1.00
1394622817, 1.00
1394622894, 1.00
1394622972, 1.00
1394623049, 1.00
1394623127, 1.00
1394623204, 1.00
1394623281, 1.00
1394623359, 1.00
1394623436, 1.00
1394623513, 1.00
1394623590, 1.00
1394623668, 1.00
1394623745, 1.00
1394623822, 1.00
1394623899, 1.00
1394623976, 1.00
1394624053, 1.00
1394624130, 1.00
1394624207, 1.00
1394624284, 1.00
1394624362, 1.00
1394624440, 1.00
1394624517, 1.00
1394624595, 1.00
1394624672, 1.00
1394624749, 1.00
1394624826, 1.00
1394624980, 1.00
1394625057, 1.00
1394625134, 1.00
1394625211, 1.00
1394625288, 1.00
1394625365, 1.00
1394625443, 1.00
1394625520, 1.00
1394625597, 1.00
1394625674, 1.00
1394625752, 1.00
1394625829, 1.00
1394625906, 1.00
1394625983, 1.00
1394626060, 1.00
1394626137, 1.00
1394626214, 1.00
1394626292, 1.00
1394626369, 1.00
1394626446, 1.00
1394626523, 1.00
1394626600, 1.00
1394626677, 1.00
1394626754, 1.00
1394626832, 1.00
1394626909, 1.00
1394626986, 1.00
1394627063, 1.00
1394627140, 1.00
1394627217, 1.00
1394627294, 1.00
1394627371, 1.00
1394627449, 1.00
1394627526, 1.00
1394627603, 1.00
1394627680, 1.00
1394627757, 1.00
1394627834, 1.00
1394627912, 1.00
1394627989, 1.00
1394628066, 1.00
1394628143, 1.00
1394628221, 1.00
1394628298, 1.00
1394628375, 1.00
1394628452, 1.00
1394628529, 1.00
1394628607, 1.00
1394628684, 1.00
1394628761, 1.00
1394628838, 1.00
1394628915, 1.00
1394628993, 1.00
1394629070, 1.00
1394629147, 1.00
1394629224, 1.00
1394629301, 1.00
1394629379, 1.00
1394629533, 1.00
1394629610, 1.00
1394629687, 1.00
1394629764, 1.00
1394629842, 1.00
1394629919, 1.00
1394629996, 1.00
1394630073, 1.00
1394630151, 1.00
1394630228, 1.00
1394630306, 1.00
1394630383, 1.00
1394630460, 1.00
1394630538, 1.00
1394630615, 1.00
1394630692, 1.00
1394630770, 1.00
1394630847, 1.00
1394630925, 1.00
1394631002, 1.00
1394631079, 1.00
1394631156, 1.00
1394631233, 1.00
1394631310, 1.00
1394631387, 1.00
1394631464, 1.00
1394631541, 1.00
1394631619, 1.00
1394631773, 1.00
1394631850, 1.00
1394631927, 1.00
1394632005, 1.00
1394632082, 1.00
1394632159, 1.00
1394632236, 1.00
1394632316, 1.00
1394632393, 1.00
1394632470, 1.00
1394632547, 1.00
1394632624, 1.00
1394632701, 1.00
1394632778, 1.00
1394632856, 1.00
1394632933, 1.00
1394633010, 1.00
1394633087, 1.00
1394633165, 1.00
1394633242, 1.00
1394633319, 1.00
1394633396, 1.00
1394633473, 1.00
1394633627, 1.00
1394633704, 1.00
1394633781, 1.00
1394633858, 1.00
1394633935, 1.00
1394634012, 1.00
1394634090, 1.00
1394634167, 1.00
1394634244, 1.00
1394634321, 1.00
1394634399, 1.00
1394634476, 1.00
1394634553, 1.00
1394634630, 1.00
1394634707, 1.00
1394634784, 1.00
1394634938, 1.00
1394635015, 1.00
1394635092, 1.00
1394635169, 1.00
1394635246, 1.00
1394635324, 1.00
1394635401, 1.00
1394635478, 1.00
1394635556, 1.00
1394635633, 1.00
1394635710, 1.00
1394635787, 1.00
1394635864, 1.00
1394635941, 1.00
1394636018, 1.00
1394636095, 1.00
1394636172, 1.00
1394636249, 1.00
1394636327, 1.00
1394636404, 1.00
1394636482, 1.00
1394636559, 1.00
1394636637, 1.00
1394636714, 1.00
1394636791, 1.00
1394636868, 1.00
1394636945, 1.00
1394637100, 1.00
1394637256, 1.00
1394637333, 1.00
1394637410, 1.00
1394637488, 1.00
1394637566, 1.00
1394637643, 1.00
1394637721, 1.00
1394637798, 1.00
1394637875, 1.00
1394637952, 1.00
1394638029, 1.00
1394638106, 1.00
1394638183, 1.00
1394638261, 1.00
1394638338, 1.00
1394638492, 1.00
1394638569, 1.00
1394638646, 1.00
1394638723, 1.00
1394638800, 1.00
1394638878, 1.00
1394638955, 1.00
1394639032, 1.00
1394639109, 1.00
1394639186, 1.00
1394639263, 1.00
1394639340, 1.00
1394639418, 1.00
1394639495, 1.00
1394639572, 1.00
1394639649, 1.00
1394639726, 1.00
1394639803, 1.00
1394639880, 1.00
1394639957, 1.00
1394640034, 1.00
1394640112, 1.00
1394640266, 1.00
1394640420, 1.00
1394640497, 1.00
1394640574, 1.00
1394640651, 1.00
1394640728, 1.00
1394640805, 1.00
1394640882, 1.00
1394640960, 1.00
1394641037, 1.00
1394641114, 1.00
1394641191, 1.00
1394641268, 1.00
1394641346, 1.00
1394641423, 1.00
1394641500, 1.00
1394641577, 1.00
1394641654, 1.00
1394641731, 1.00
1394641808, 1.00
1394641886, 1.00
1394641963, 1.00
1394642117, 1.00
1394642271, 1.00
1394642348, 1.00
1394642425, 1.00
1394642502, 1.00
1394642579, 1.00
1394642657, 1.00
1394642734, 1.00
1394642811, 1.00
1394642965, 1.00
1394643042, 1.00
1394643119, 1.00
1394643196, 1.00
1394643273, 1.00
1394643351, 1.00
1394643428, 1.00
1394643505, 1.00
1394643582, 1.00
1394643659, 1.00
1394643736, 1.00
1394643814, 1.00
1394643891, 1.00
1394643968, 1.00
1394644045, 1.00
1394644122, 1.00
1394644199, 1.00
1394644276, 1.00
1394644353, 1.00
1394644430, 1.00
1394644508, 1.00
1394644585, 1.00
1394644662, 1.00
1394644739, 1.00
1394644970, 1.00
1394645047, 1.00
1394645124, 1.00
1394645201, 1.00
1394645278, 1.00
1394645356, 1.00
1394645433, 1.00
1394645510, 1.00
1394645587, 1.00
1394645665, 1.00
1394645742, 1.00
1394645819, 1.00
1394645896, 1.00
1394646127, 1.00
1394646204, 1.00
1394646281, 1.00
1394646358, 1.00
1394646436, 1.00
1394646513, 1.00
1394646591, 1.00
1394646668, 1.00
1394646746, 1.00
1394646823, 1.00
1394646900, 1.00
1394646978, 1.00
1394647055, 1.00
1394647132, 1.00
1394647209, 1.00
1394647287, 1.00
1394647364, 1.00
1394647441, 1.00
1394647519, 1.00
1394647597, 1.00
1394647674, 1.00
1394647751, 1.00
1394647828, 1.00
1394647905, 1.00
1394647982, 1.00
1394648059, 1.00
1394648136, 1.00
1394648213, 1.00
1394648290, 1.00
1394648367, 1.00
1394648444, 1.00
1394648521, 1.00
1394648599, 1.00
1394648676, 1.00
1394648753, 1.00
1394648830, 1.00
1394648907, 1.00
1394648984, 1.00
1394649061, 1.00
1394649138, 1.00
1394649215, 1.00
1394649292, 1.00
1394649369, 1.00
1394649446, 1.00
1394649523, 1.00
1394649600, 1.00
1394649678, 1.00
1394649755, 1.00
1394649832, 1.00
1394649909, 1.00
1394649986, 1.00
1394650063, 1.00
1394650140, 1.00
1394650217, 1.00
1394650371, 1.00
1394650448, 1.00
1394650525, 1.00
1394650603, 1.00
1394650680, 1.00
1394650758, 1.00
1394650835, 1.00
1394650912, 1.00
1394650989, 1.00
1394651066, 1.00
1394651143, 1.00
1394651220, 1.00
1394651297, 1.00
1394651374, 1.00
1394651451, 1.00
1394651528, 1.00
1394651605, 1.00
1394651682, 1.00
1394651759, 1.00
1394651836, 1.00
1394651913, 1.00
1394651991, 1.00
1394652068, 1.00
1394652145, 1.00
1394652222, 1.00
1394652299, 1.00
1394652376, 1.00
1394652453, 1.00
1394652607, 1.00
1394652684, 1.00
1394652761, 1.00
1394652838, 1.00
1394652915, 1.00
1394652992, 1.00
1394653069, 1.00
1394653146, 1.00
1394653223, 1.00
1394653300, 1.00
1394653378, 1.00
1394653456, 1.00
1394653610, 1.00
1394653688, 1.00
1394653765, 1.00
1394653843, 1.00
1394653920, 1.00
1394653998, 1.00
1394654075, 1.00
1394654152, 1.00
1394654229, 1.00
1394654306, 1.00
1394654383, 1.00
1394654461, 1.00
1394654539, 1.00
1394654616, 1.00
1394654694, 1.00
1394654771, 1.00
1394654849, 1.00
1394654926, 1.00
1394655003, 1.00
1394655081, 1.00
1394655158, 1.00
1394655235, 1.00
1394655312, 1.00
1394655389, 1.00
1394655466, 1.00
1394655543, 1.00
1394655620, 1.00
1394655698, 1.00
1394655852, 1.00
1394655929, 1.00
1394656006, 1.00
1394656083, 1.00
1394656161, 1.00
1394656238, 1.00
1394656315, 1.00
1394656392, 1.00
1394656469, 1.00
1394656546, 1.00
1394656623, 1.00
1394656701, 1.00
1394656778, 1.00
1394656855, 1.00
1394656932, 1.00
1394657009, 1.00
1394657087, 1.00
1394657164, 1.00
1394657241, 1.00
1394657319, 1.00
1394657396, 1.00
1394657473, 1.00
1394657550, 1.00
1394657627, 1.00
1394657704, 1.00
1394657781, 1.00
1394657859, 1.00
1394657936, 1.00
1394658013, 1.00
1394658090, 1.00
1394658167, 1.00
1394658244, 1.00
1394658321, 1.00
1394658398, 1.00
1394658476, 1.00
1394658553, 1.00
1394658630, 1.00
1394658708, 1.00
1394658785, 1.00
1394658862, 1.00
1394658940, 1.00
1394659017, 1.00
1394659094, 1.00
1394659171, 1.00
1394659248, 1.00
1394659326, 1.00
1394659403, 1.00
1394659634, 1.00
1394659711, 1.00
1394659789, 1.00
1394659943, 1.00
1394660020, 1.00
1394660097, 1.00
1394660174, 1.00
1394660251, 1.00
1394660328, 1.00
1394660405, 1.00
1394660483, 1.00
1394660560, 1.00
1394660637, 1.00
1394660791, 1.00
1394660868, 1.00
1394660946, 1.00
1394661023, 1.00
1394661100, 1.00
1394661177, 1.00
1394661254, 1.00
1394661331, 1.00
1394661408, 1.00
1394661485, 1.00
1394661562, 1.00
1394661639, 1.00
1394661716, 1.00
1394661793, 1.00
1394661870, 1.00
1394661947, 1.00
1394662025, 1.00
1394662102, 1.00
1394662179, 1.00
1394662256, 1.00
1394662333, 1.00
1394662410, 1.00
1394662487, 1.00
1394662641, 1.00
1394662718, 1.00
1394662795, 1.00
1394662872, 1.00
1394662949, 1.00
1394663026, 1.00
1394663103, 1.00
1394663181, 1.00
1394663258, 1.00
1394663335, 1.00
1394663412, 1.00
1394663489, 1.00
1394663566, 1.00
1394663643, 1.00
1394663720, 1.00
1394663797, 1.00
1394663874, 1.00
1394663951, 1.00
1394664029, 1.00
1394664106, 1.00
1394664183, 1.00
1394664337, 1.00
1394664414, 1.00
1394664491, 1.00
1394664568, 1.00
1394664645, 1.00
1394664723, 1.00
1394664800, 1.00
1394664877, 1.00
1394664955, 1.00
1394665032, 1.00
1394665109, 1.00
1394665186, 1.00
1394665263, 1.00
1394665340, 1.00
1394665417, 1.00
1394665494, 1.00
1394665571, 1.00
1394665648, 1.00
1394665725, 1.00
1394665802, 1.00
1394665879, 1.00
1394665957, 1.00
1394666034, 1.00
1394666111, 1.00
1394666188, 1.00
1394666265, 1.00
1394666342, 1.00
1394666419, 1.00
1394666496, 1.00
1394666573, 1.00
1394666650, 1.00
1394666728, 1.00
1394666805, 1.00
1394666882, 1.00
1394666959, 1.00
1394667113, 1.00
1394667190, 1.00
1394667267, 1.00
1394667345, 1.00
1394667422, 1.00
1394667499, 1.00
1394667576, 1.00
1394667653, 1.00
1394667730, 1.00
1394667807, 1.00
1394667884, 1.00
1394667962, 1.00
1394668039, 1.00
1394668116, 1.00
1394668193, 1.00
1394668270, 1.00
1394668347, 1.00
1394668424, 1.00
1394668501, 1.00
1394668578, 1.00
1394668655, 1.00
1394668732, 1.00
1394668809, 1.00
1394668886, 1.00
1394668963, 1.00
1394669040, 1.00
1394669117, 1.00
1394669195, 1.00
1394669272, 1.00
1394669349, 1.00
1394669426, 1.00
1394669503, 1.00
1394669580, 1.00
1394669657, 1.00
1394669734, 1.00
1394669811, 1.00
1394669888, 1.00
1394669965, 1.00
1394670042, 1.00
1394670120, 1.00
1394670197, 1.00
1394670274, 1.00
1394670351, 1.00
1394670428, 1.00
1394670506, 1.00
1394670583, 1.00
1394670660, 1.00
1394670738, 1.00
1394670815, 1.00
1394670892, 1.00
1394670969, 1.00
1394671046, 1.00
1394671124, 1.00
1394671278, 1.00
1394671355, 1.00
1394671432, 1.00
1394671510, 1.00
1394671587, 1.00
1394671664, 1.00
1394671741, 1.00
1394671818, 1.00
1394671895, 1.00
1394671972, 1.00
1394672049, 1.00
1394672127, 1.00
1394672204, 1.00
1394672282, 1.00
1394672359, 1.00
1394672436, 1.00
1394672513, 1.00
1394672591, 1.00
1394672745, 1.00
1394672822, 1.00
1394672899, 1.00
1394672976, 1.00
1394673053, 1.00
1394673130, 1.00
1394673207, 1.00
1394673284, 1.00
1394673361, 1.00
1394673438, 1.00
1394673515, 1.00
1394673592, 1.00
1394673669, 1.00
1394673747, 1.00
1394673824, 1.00
1394673901, 1.00
1394673978, 1.00
1394674055, 1.00
1394674132, 1.00
1394674209, 1.00
1394674286, 1.00
1394674363, 1.00
1394674440, 1.00
1394674517, 1.00
1394674825, 1.00
1394674902, 1.00
1394674979, 1.00
1394675056, 1.00
1394675133, 1.00
1394675210, 1.00
1394675287, 1.00
1394675364, 1.00
1394675442, 1.00
1394675519, 1.00
1394675596, 1.00
1394675751, 1.00
1394675829, 1.00
1394675906, 1.00
1394675983, 1.00
1394676060, 1.00
1394676137, 1.00
1394676214, 1.00
1394676292, 1.00
1394676369, 1.00
1394676447, 1.00
1394676524, 1.00
1394676602, 1.00
1394676679, 1.00
1394676756, 1.00
1394676910, 1.00
1394676987, 1.00
1394677065, 1.00
1394677142, 1.00
1394677220, 1.00
1394677297, 1.00
1394677375, 1.00
1394677452, 1.00
1394677529, 1.00
1394677607, 1.00
1394677684, 1.00
1394677761, 1.00
1394677838, 1.00
1394677916, 1.00
1394677993, 1.00
1394678070, 1.00
1394678147, 1.00
1394678224, 1.00
1394678301, 1.00
1394678379, 1.00
1394678456, 1.00
1394678533, 1.00
1394678611, 1.00
1394678688, 1.00
1394678765, 1.00
1394678843, 1.00
1394678920, 1.00
1394679074, 1.00
1394679151, 1.00
1394679228, 1.00
1394679305, 1.00
1394679383, 1.00
1394679460, 1.00
1394679537, 1.00
1394679614, 1.00
1394679692, 1.00
1394679769, 1.00
1394679846, 1.00
1394679924, 1.00
1394680001, 1.00
1394680078, 1.00
1394680155, 1.00
1394680233, 1.00
1394680310, 1.00
1394680387, 1.00
1394680464, 1.00
1394680541, 1.00
1394680695, 1.00
1394680772, 1.00
1394680849, 1.00
1394680926, 1.00
1394681003, 1.00
1394681081, 1.00
1394681158, 1.00
1394681235, 1.00
1394681312, 1.00
1394681389, 1.00
1394681466, 1.00
1394681545, 1.00
1394681622, 1.00
1394681699, 1.00
1394681777, 1.00
1394681854, 1.00
1394681931, 1.00
1394682008, 1.00
1394682085, 1.00
1394682162, 1.00
1394682239, 1.00
1394682316, 1.00
1394682393, 1.00
1394682471, 1.00
1394682625, 1.00
1394682702, 1.00
1394682779, 1.00
1394682857, 1.00
1394682934, 1.00
1394683011, 1.00
1394683088, 1.00
1394683165, 1.00
1394683243, 1.00
1394683320, 1.00
1394683397, 1.00
1394683474, 1.00
1394683551, 1.00
1394683629, 1.00
1394683706, 1.00
1394683783, 1.00
1394683860, 1.00
1394684014, 1.00
1394684245, 1.00
1394684322, 1.00
1394684399, 1.00
1394684476, 1.00
1394684553, 1.00
1394684630, 1.00
1394684707, 1.00
1394684784, 1.00
1394684861, 1.00
1394684939, 1.00
1394685016, 1.00
1394685093, 1.00
1394685170, 1.00
1394685247, 1.00
1394685324, 1.00
1394685401, 1.00
1394685478, 1.00
1394685556, 1.00
1394685634, 1.00
1394685711, 1.00
1394685788, 1.00
1394685865, 1.00
1394685943, 1.00
1394686020, 1.00
1394686097, 1.00
1394686174, 1.00
1394686251, 1.00
1394686328, 1.00
1394686406, 1.00
1394686483, 1.00
1394686560, 1.00
1394686637, 1.00
1394686715, 1.00
1394686792, 1.00
1394686869, 1.00
1394686946, 1.00
1394687023, 1.00
1394687178, 1.00
1394687255, 1.00
1394687332, 1.00
1394687410, 1.00
1394687487, 1.00
1394687564, 1.00
1394687642, 1.00
1394687719, 1.00
1394687796, 1.00
1394687873, 1.00
1394687950, 1.00
1394688028, 1.00
1394688105, 1.00
1394688259, 1.00
1394688336, 1.00
1394688413, 1.00
1394688491, 1.00
1394688568, 1.00
1394688645, 1.00
1394688722, 1.00
1394688799, 1.00
1394688877, 1.00
1394688954, 1.00
1394689032, 1.00
1394689109, 1.00
1394689186, 1.00
1394689263, 1.00
1394689340, 1.00
1394689417, 1.00
1394689495, 1.00
1394689572, 1.00
1394689649, 1.00
1394689726, 1.00
1394689804, 1.00
1394689881, 1.00
1394689958, 1.00
1394690035, 1.00
1394690112, 1.00
1394690189, 1.00
1394690266, 1.00
1394690344, 1.00
1394690421, 1.00
1394690498, 1.00
1394690576, 1.00
1394690653, 1.00
1394690731, 1.00
1394690808, 1.00
1394690885, 1.00
1394690962, 1.00
1394691039, 1.00
1394691117, 1.00
1394691194, 1.00
1394691271, 1.00
1394691349, 1.00
1394691426, 1.00
1394691504, 1.00
1394691581, 1.00
1394691658, 1.00
1394691735, 1.00
1394691813, 1.00
1394691890, 1.00
1394691968, 1.00
1394692045, 1.00
1394692122, 1.00
1394692199, 1.00
1394692276, 1.00
1394692354, 1.00
1394692432, 1.00
1394692509, 1.00
1394692586, 1.00
1394692663, 1.00
1394692741, 1.00
1394692818, 1.00
1394692895, 1.00
1394692972, 1.00
1394693049, 1.00
1394693126, 1.00
1394693203, 1.00
1394693280, 1.00
1394693358, 1.00
1394693435, 1.00
1394693512, 1.00
1394693589, 1.00
1394693666, 1.00
1394693820, 1.00
1394693897, 1.00
1394693974, 1.00
1394694051, 1.00
1394694128, 1.00
1394694206, 1.00
1394694283, 1.00
1394694360, 1.00
1394694437, 1.00
1394694514, 1.00
1394694591, 1.00
1394694669, 1.00
1394694746, 1.00
1394694823, 1.00
1394694900, 1.00
1394694977, 1.00
1394695054, 1.00
1394695131, 1.00
1394695209, 1.00
1394695286, 1.00
1394695363, 1.00
1394695440, 1.00
1394695517, 1.00
1394695595, 1.00
1394695672, 1.00
1394695749, 1.00
1394695826, 1.00
1394695904, 1.00
1394695981, 1.00
1394696058, 1.00
1394696135, 1.00
1394696212, 1.00
1394696289, 1.00
1394696366, 1.00
1394696443, 1.00
1394696598, 1.00
1394696675, 1.00
1394696752, 1.00
1394696829, 1.00
1394696907, 1.00
1394696984, 1.00
1394697061, 1.00
1394697138, 1.00
1394697215, 1.00
1394697292, 1.00
1394697370, 1.00
1394697447, 1.00
1394697524, 1.00
1394697601, 1.00
1394697679, 1.00
1394697757, 1.00
1394697834, 1.00
1394697911, 1.00
1394697988, 1.00
1394698065, 1.00
1394698142, 1.00
1394698219, 1.00
1394698296, 1.00
1394698373, 1.00
1394698450, 1.00
1394698527, 1.00
1394698604, 1.00
1394698681, 1.00
1394698758, 1.00
1394698836, 1.00
1394698913, 1.00
1394698990, 1.00
1394699067, 1.00
1394699144, 1.00
1394699221, 1.00
1394699375, 1.00
1394699452, 1.00
1394699529, 1.00
1394699606, 1.00
1394699683, 1.00
1394699760, 1.00
1394699837, 1.00
1394699914, 1.00
1394699991, 1.00
1394700069, 1.00
1394700146, 1.00
1394700223, 1.00
1394700300, 1.00
1394700377, 1.00
1394700454, 1.00
1394700532, 1.00
1394700609, 1.00
1394700686, 1.00
1394700763, 1.00
1394700840, 1.00
1394700994, 1.00
1394701071, 1.00
1394701148, 1.00
1394701225, 1.00
1394701302, 1.00
1394701379, 1.00
1394701457, 1.00
1394701534, 1.00
1394701611, 1.00
1394701688, 1.00
1394701765, 1.00
1394701842, 1.00
1394701919, 1.00
1394701996, 1.00
1394702073, 1.00
1394702150, 1.00
1394702227, 1.00
1394702304, 1.00
1394702381, 1.00
1394702458, 1.00
1394702535, 1.00
1394702612, 1.00
1394702690, 1.00
1394702767, 1.00
1394702844, 1.00
1394702921, 1.00
1394702998, 1.00
1394703075, 1.00
1394703152, 1.00
1394703229, 1.00
1394703306, 1.00
1394703384, 1.00
1394703461, 1.00
1394703538, 1.00
1394703615, 1.00
1394703692, 1.00
1394703769, 1.00
1394703846, 1.00
1394703923, 1.00
1394704000, 1.00
1394704077, 1.00
1394704155, 1.00
1394704232, 1.00
1394704309, 1.00
1394704386, 1.00
1394704463, 1.00
1394704540, 1.00
1394704617, 1.00
1394704695, 1.00
1394704772, 1.00
1394704849, 1.00
1394704926, 1.00
1394705003, 1.00
1394705080, 1.00
1394705157, 1.00
1394705234, 1.00
1394705388, 1.00
1394705465, 1.00
1394705542, 1.00
1394705619, 1.00
1394705696, 1.00
1394705773, 1.00
1394705851, 1.00
1394705928, 1.00
1394706005, 1.00
1394706082, 1.00
1394706159, 1.00
1394706236, 1.00
1394706313, 1.00
1394706390, 1.00
1394706467, 1.00
1394706544, 1.00
1394706621, 1.00
1394706698, 1.00
1394706775, 1.00
1394706852, 1.00
1394707006, 1.00
1394707083, 1.00
1394707160, 1.00
1394707237, 1.00
1394707314, 1.00
1394707391, 1.00
1394707468, 1.00
1394707545, 1.00
1394707622, 1.00
1394707699, 1.00
1394707776, 1.00
1394707854, 1.00
1394707931, 1.00
1394708008, 1.00
1394708085, 1.00
1394708162, 1.00
1394708239, 1.00
1394708316, 1.00
1394708393, 1.00
1394708470, 1.00
1394708547, 1.00
1394708625, 1.00
1394708702, 1.00
1394708779, 1.00
1394708856, 1.00
1394708933, 1.00
1394709010, 1.00
1394709087, 1.00
1394709164, 1.00
1394709241, 1.00
1394709318, 1.00
1394709395, 1.00
1394709472, 1.00
1394709550, 1.00
1394709627, 1.00
1394709704, 1.00
1394709781, 1.00
1394709858, 1.00
1394709935, 1.00
1394710012, 1.00
1394710089, 1.00
1394710166, 1.00
1394710243, 1.00
1394710320, 1.00
1394710398, 1.00
1394710475, 1.00
1394710552, 1.00
1394710629, 1.00
1394710706, 1.00
1394710783, 1.00
1394710860, 1.00
1394710937, 1.00
1394711014, 1.00
1394711091, 1.00
1394711168, 1.00
1394711246, 1.00
1394711323, 1.00
1394711400, 1.00
1394711477, 1.00
1394711554, 1.00
1394711631, 1.00
1394711708, 1.00
1394711785, 1.00
1394711862, 1.00
1394711939, 1.00
1394712016, 1.00
1394712093, 1.00
1394712171, 1.00
1394712248, 1.00
1394712325, 1.00
1394712402, 1.00
1394712479, 1.00
1394712556, 1.00
1394712633, 1.00
1394712710, 1.00
1394712787, 1.00
1394712864, 1.00
1394712941, 1.00
1394713095, 1.00
1394713172, 1.00
1394713249, 1.00
1394713326, 1.00
1394713403, 1.00
1394713480, 1.00
1394713557, 1.00
1394713634, 1.00
1394713712, 1.00
1394713789, 1.00
1394713866, 1.00
1394713943, 1.00
1394714020, 1.00
1394714097, 1.00
1394714174, 1.00
1394714251, 1.00
1394714328, 1.00
1394714405, 1.00
1394714482, 1.00
1394714559, 1.00
1394714636, 1.00
1394714713, 1.00
1394714790, 1.00
1394714868, 1.00
1394714945, 1.00
1394715022, 1.00
1394715099, 1.00
1394715176, 1.00
1394715253, 1.00
1394715330, 1.00
1394715407, 1.00
1394715484, 1.00
1394715562, 1.00
1394715639, 1.00
1394715716, 1.00
1394715793, 1.00
1394715870, 1.00
1394715947, 1.00
1394716024, 1.00
1394716255, 1.00
1394716332, 1.00
1394716409, 1.00
1394716486, 1.00
1394716563, 1.00
1394716640, 1.00
1394716717, 1.00
1394716794, 1.00
1394716871, 1.00
1394716948, 1.00
1394717026, 1.00
1394717103, 1.00
1394717257, 1.00
1394717334, 1.00
1394717412, 1.00
1394717489, 1.00
1394717566, 1.00
1394717643, 1.00
1394717720, 1.00
1394717798, 1.00
1394717875, 1.00
1394717952, 1.00
1394718029, 1.00
1394718106, 1.00
1394718183, 1.00
1394718261, 1.00
1394718338, 1.00
1394718415, 1.00
1394718492, 1.00
1394718569, 1.00
1394718646, 1.00
1394718723, 1.00
1394718954, 1.00
1394719031, 1.00
1394719108, 1.00
1394719185, 1.00
1394719263, 1.00
1394719340, 1.00
1394719417, 1.00
1394719494, 1.00
1394719571, 1.00
1394719649, 1.00
1394719726, 1.00
1394719804, 1.00
1394719881, 1.00
1394720035, 1.00
1394720112, 1.00
1394720189, 1.00
1394720266, 1.00
1394720344, 1.00
1394720498, 1.00
1394720575, 1.00
1394720652, 1.00
1394720730, 1.00
1394720884, 1.00
1394720961, 1.00
1394721038, 1.00
1394721115, 1.00
1394721192, 1.00
1394721269, 1.00
1394721346, 1.00
1394721423, 1.00
1394721500, 1.00
1394721577, 1.00
1394721654, 1.00
1394721731, 1.00
1394721808, 1.00
1394721885, 1.00
1394721962, 1.00
1394722039, 1.00
1394722116, 1.00
1394722194, 1.00
1394722271, 1.00
1394722348, 1.00
1394722425, 1.00
1394722502, 1.00
1394722579, 1.00
1394722733, 1.00
1394722887, 1.00
1394722964, 1.00
1394723041, 1.00
1394723118, 1.00
1394723195, 1.00
1394723272, 1.00
1394723349, 1.00
1394723426, 1.00
1394723503, 1.00
1394723580, 1.00
1394723657, 1.00
1394723734, 1.00
1394723812, 1.00
1394723889, 1.00
1394723966, 1.00
1394724043, 1.00
1394724197, 1.00
1394724274, 1.00
1394724351, 1.00
1394724428, 1.00
1394724506, 1.00
1394724583, 1.00
1394724660, 1.00
1394724737, 1.00
1394724814, 1.00
1394724891, 1.00
1394724968, 1.00
1394725045, 1.00
1394725122, 1.00
1394725199, 1.00
1394725353, 1.00
1394725430, 1.00
1394725507, 1.00
1394725584, 1.00
1394725661, 1.00
1394725738, 1.00
1394725815, 1.00
1394725892, 1.00
1394725969, 1.00
1394726046, 1.00
1394726123, 1.00
1394726200, 1.00
1394726277, 1.00
1394726355, 1.00
1394726432, 1.00
1394726509, 1.00
1394726586, 1.00
1394726663, 1.00
1394726740, 1.00
1394726817, 1.00
1394726894, 1.00
1394726971, 1.00
1394727048, 1.00
1394727125, 1.00
1394727202, 1.00
1394727279, 1.00
1394727356, 1.00
1394727433, 1.00
1394727510, 1.00
1394727587, 1.00
1394727664, 1.00
1394727741, 1.00
1394727818, 1.00
1394727895, 1.00
1394727972, 1.00
1394728050, 1.00
1394728127, 1.00
1394728204, 1.00
1394728281, 1.00
1394728359, 1.00
1394728436, 1.00
1394728513, 1.00
1394728591, 1.00
1394728669, 1.00
1394728746, 1.00
1394728823, 1.00
1394728900, 1.00
1394728977, 1.00
1394729055, 1.00
1394729133, 1.00
1394729210, 1.00
1394729287, 1.00
1394729365, 1.00
1394729443, 1.00
1394729520, 1.00
1394729597, 1.00
1394729674, 1.00
1394729752, 1.00
1394729829, 1.00
1394729906, 1.00
1394729983, 1.00
1394730060, 1.00
1394730137, 1.00
1394730214, 1.00
1394730368, 1.00
1394730522, 1.00
1394730599, 1.00
1394730676, 1.00
1394730753, 1.00
1394730830, 1.00
1394730908, 1.00
1394730985, 1.00
1394731062, 1.00
1394731139, 1.00
1394731216, 1.00
1394731293, 1.00
1394731447, 1.00
1394731524, 1.00
1394731601, 1.00
1394731678, 1.00
1394731755, 1.00
1394731833, 1.00
1394731910, 1.00
1394731987, 1.00
1394732064, 1.00
1394732141, 1.00
1394732218, 1.00
1394732295, 1.00
1394732372, 1.00
1394732449, 1.00
1394732526, 1.00
1394732603, 1.00
1394732680, 1.00
1394732757, 1.00
1394732835, 1.00
1394732912, 1.00
1394732989, 1.00
1394733066, 1.00
1394733143, 1.00
1394733220, 1.00
1394733297, 1.00
1394733374, 1.00
1394733451, 1.00
1394733528, 1.00
1394733605, 1.00
1394733682, 1.00
1394733759, 1.00
1394733836, 1.00
1394733913, 1.00
1394733990, 1.00
1394734067, 1.00
1394734144, 1.00
1394734221, 1.00
1394734298, 1.00
1394734375, 1.00
1394734452, 1.00
1394734530, 1.00
1394734607, 1.00
1394734684, 1.00
1394734761, 1.00
1394734838, 1.00
1394734915, 1.00
1394734992, 1.00
1394735069, 1.00
1394735146, 1.00
1394735223, 1.00
1394735301, 1.00
1394735378, 1.00
1394735455, 1.00
1394735532, 1.00
1394735609, 1.00
1394735686, 1.00
1394735763, 1.00
1394735840, 1.00
1394736148, 1.00
1394736225, 1.00
1394736302, 1.00
1394736379, 1.00
1394736456, 1.00
1394736533, 1.00
1394736610, 1.00
1394736687, 1.00
1394736764, 1.00
1394736841, 1.00
1394736918, 1.00
1394736996, 1.00
1394737073, 1.00
1394737150, 1.00
1394737227, 1.00
1394737305, 1.00
1394737383, 1.00
1394737461, 1.00
1394737538, 1.00
1394737615, 1.00
1394737769, 1.00
1394737846, 1.00
1394737923, 1.00
1394738000, 1.00
1394738077, 1.00
1394738154, 1.00
1394738231, 1.00
1394738308, 1.00
1394738385, 1.00
1394738462, 1.00
1394738540, 1.00
1394738617, 1.00
1394738694, 1.00
1394738771, 1.00
1394738848, 1.00
1394738925, 1.00
1394739002, 1.00
1394739079, 1.00
1394739156, 1.00
1394739233, 1.00
1394739387, 1.00
1394739464, 1.00
1394739541, 1.00
1394739618, 1.00
1394739695, 1.00
1394739772, 1.00
1394739849, 1.00
1394739926, 1.00
1394740003, 1.00
1394740080, 1.00
1394740157, 1.00
1394740234, 1.00
1394740311, 1.00
1394740388, 1.00
1394740466, 1.00
1394740543, 1.00
1394740620, 1.00
1394740697, 1.00
1394740774, 1.00
1394740851, 1.00
1394740928, 1.00
1394741005, 1.00
1394741082, 1.00
1394741313, 1.00
1394741390, 1.00
1394741467, 1.00
1394741544, 1.00
1394741621, 1.00
1394741698, 1.00
1394741775, 1.00
1394741852, 1.00
1394741929, 1.00
1394742006, 1.00
1394742083, 1.00
1394742160, 1.00
1394742237, 1.00
1394742314, 1.00
1394742391, 1.00
1394742468, 1.00
1394742546, 1.00
1394742623, 1.00
1394742700, 1.00
1394742777, 1.00
1394742854, 1.00
1394742932, 1.00
1394743009, 1.00
1394743086, 1.00
1394743163, 1.00
1394743240, 1.00
1394743317, 1.00
1394743394, 1.00
1394743471, 1.00
1394743549, 1.00
1394743626, 1.00
1394743703, 1.00
1394743780, 1.00
1394743857, 1.00
1394743934, 1.00
1394744011, 1.00
1394744088, 1.00
1394744165, 1.00
1394744242, 1.00
1394744319, 1.00
1394744396, 1.00
1394744550, 1.00
1394744627, 1.00
1394744704, 1.00
1394744781, 1.00
1394744858, 1.00
1394744935, 1.00
1394745012, 1.00
1394745089, 1.00
1394745166, 1.00
1394745243, 1.00
1394745320, 1.00
1394745397, 1.00
1394745474, 1.00
1394745551, 1.00
1394745628, 1.00
1394745705, 1.00
1394745783, 1.00
1394745860, 1.00
1394745937, 1.00
1394746014, 1.00
1394746091, 1.00
1394746245, 1.00
1394746322, 1.00
1394746399, 1.00
1394746476, 1.00
1394746553, 1.00
1394746630, 1.00
1394746707, 1.00
1394746784, 1.00
1394746861, 1.00
1394746938, 1.00
1394747015, 1.00
1394747092, 1.00
1394747170, 1.00
1394747247, 1.00
1394747324, 1.00
1394747401, 1.00
1394747478, 1.00
1394747555, 1.00
1394747632, 1.00
1394747709, 1.00
1394747786, 1.00
1394747863, 1.00
1394747940, 1.00
1394748094, 1.00
1394748171, 1.00
1394748248, 1.00
1394748325, 1.00
1394748402, 1.00
1394748479, 1.00
1394748556, 1.00
1394748633, 1.00
1394748710, 1.00
1394748787, 1.00
1394748864, 1.00
1394748941, 1.00
1394749018, 1.00
1394749096, 1.00
1394749173, 1.00
1394749250, 1.00
1394749404, 1.00
1394749481, 1.00
1394749558, 1.00
1394749635, 1.00
1394749712, 1.00
1394749789, 1.00
1394749866, 1.00
1394749943, 1.00
1394750020, 1.00
1394750097, 1.00
1394750175, 1.00
1394750252, 1.00
1394750329, 1.00
1394750560, 1.00
1394750637, 1.00
1394750714, 1.00
1394750791, 1.00
1394750868, 1.00
1394750945, 1.00
1394751022, 1.00
1394751099, 1.00
1394751176, 1.00
1394751253, 1.00
1394751330, 1.00
1394751407, 1.00
1394751485, 1.00
1394751562, 1.00
1394751639, 1.00
1394751716, 1.00
1394751793, 1.00
1394751870, 1.00
1394751947, 1.00
1394752024, 1.00
1394752101, 1.00
1394752178, 1.00
1394752255, 1.00
1394752332, 1.00
1394752409, 1.00
1394752486, 1.00
1394752563, 1.00
1394752640, 1.00
1394752717, 1.00
1394752794, 1.00
1394752871, 1.00
1394752948, 1.00
1394753025, 1.00
1394753103, 1.00
1394753180, 1.00
1394753257, 1.00
1394753334, 1.00
1394753411, 1.00
1394753488, 1.00
1394753565, 1.00
1394753642, 1.00
1394753719, 1.00
1394753796, 1.00
1394753873, 1.00
1394753950, 1.00
1394754028, 1.00
1394754105, 1.00
1394754182, 1.00
1394754259, 1.00
1394754336, 1.00
1394754413, 1.00
1394754567, 1.00
1394754721, 1.00
1394754798, 1.00
1394754875, 1.00
1394755030, 1.00
1394755107, 1.00
1394755184, 1.00
1394755261, 1.00
1394755338, 1.00
1394755415, 1.00
1394755492, 1.00
1394755569, 1.00
1394755646, 1.00
1394755724, 1.00
1394755801, 1.00
1394755878, 1.00
1394755955, 1.00
1394756032, 1.00
1394756109, 1.00
1394756186, 1.00
1394756263, 1.00
1394756340, 1.00
1394756417, 1.00
1394756494, 1.00
1394756571, 1.00
1394756648, 1.00
1394756725, 1.00
1394756803, 1.00
1394756880, 1.00
1394756957, 1.00
1394757034, 1.00
1394757111, 1.00
1394757188, 1.00
1394757265, 1.00
1394757342, 1.00
1394757496, 1.00
1394757573, 1.00
1394757650, 1.00
1394757727, 1.00
1394757804, 1.00
1394757881, 1.00
1394757958, 1.00
1394758035, 1.00
1394758113, 1.00
1394758190, 1.00
1394758267, 1.00
1394758344, 1.00
1394758421, 1.00
1394758498, 1.00
1394758575, 1.00
1394758652, 1.00
1394758729, 1.00
1394758806, 1.00
1394758884, 1.00
1394758961, 1.00
1394759038, 1.00
1394759115, 1.00
1394759192, 1.00
1394759269, 1.00
1394759346, 1.00
1394759423, 1.00
1394759500, 1.00
1394759577, 1.00
1394759654, 1.00
1394759731, 1.00
1394759808, 1.00
1394759886, 1.00
1394759963, 1.00
1394760040, 1.00
1394760117, 1.00
1394760194, 1.00
1394760271, 1.00
1394760349, 1.00
1394760426, 1.00
1394760504, 1.00
1394760658, 1.00
1394760735, 1.00
1394760812, 1.00
1394760890, 1.00
1394760967, 1.00
1394761045, 1.00
1394761123, 1.00
1394761201, 1.00
1394761278, 1.00
1394761356, 1.00
1394761433, 1.00
1394761511, 1.00
1394761588, 1.00
1394761666, 1.00
1394761743, 1.00
1394761821, 1.00
1394762052, 1.00
1394762130, 1.00
1394762207, 1.00
1394762284, 1.00
1394762362, 1.00
1394762440, 1.00
1394762594, 1.00
1394762672, 1.00
1394762749, 1.00
1394762826, 1.00
1394762903, 1.00
1394762980, 1.00
1394763058, 1.00
1394763135, 1.00
1394763212, 1.00
1394763290, 1.00
1394763367, 1.00
1394763444, 1.00
1394763521, 1.00
1394763598, 1.00
1394763753, 1.00
1394763830, 1.00
1394763908, 1.00
1394763985, 1.00
1394764063, 1.00
1394764218, 1.00
1394764295, 1.00
1394764373, 1.00
1394764451, 1.00
1394764528, 1.00
1394764605, 1.00
1394764682, 1.00
1394764760, 1.00
1394764837, 1.00
1394764914, 1.00
1394764991, 1.00
1394765069, 1.00
1394765146, 1.00
1394765223, 1.00
1394765300, 1.00
1394765377, 1.00
1394765455, 1.00
1394765532, 1.00
1394765609, 1.00
1394765686, 1.00
1394765763, 1.00
1394765841, 1.00
1394765918, 1.00
1394765995, 1.00
1394766073, 1.00
1394766150, 1.00
1394766227, 1.00
1394766304, 1.00
1394766381, 1.00
1394766458, 1.00
1394766535, 1.00
1394766612, 1.00
1394766689, 1.00
1394766767, 1.00
1394766844, 1.00
1394766921, 1.00
1394766998, 1.00
1394767076, 1.00
1394767153, 1.00
1394767230, 1.00
1394767308, 1.00
1394767385, 1.00
1394767462, 1.00
1394767540, 1.00
1394767617, 1.00
1394767694, 1.00
1394767771, 1.00
1394767848, 1.00
1394767926, 1.00
1394768003, 1.00
1394768080, 1.00
1394768157, 1.00
1394768234, 1.00
1394768312, 1.00
1394768389, 1.00
1394768466, 1.00
1394768543, 1.00
1394768620, 1.00
1394768697, 1.00
1394768774, 1.00
1394768851, 1.00
1394768928, 1.00
1394769006, 1.00
1394769083, 1.00
1394769160, 1.00
1394769237, 1.00
1394769315, 1.00
1394769392, 1.00
1394769469, 1.00
1394769546, 1.00
1394769623, 1.00
1394769701, 1.00
1394769778, 1.00
1394769856, 1.00
1394769933, 1.00
1394770010, 1.00
1394770087, 1.00
1394770164, 1.00
1394770242, 1.00
1394770319, 1.00
1394770396, 1.00
1394770473, 1.00
1394770551, 1.00
1394770628, 1.00
1394770706, 1.00
1394770783, 1.00
1394770860, 1.00
1394770937, 1.00
1394771015, 1.00
1394771169, 1.00
1394771247, 1.00
1394771324, 1.00
1394771402, 1.00
1394771480, 1.00
1394771558, 1.00
1394771636, 1.00
1394771713, 1.00
1394771792, 1.00
1394771869, 1.00
1394771947, 1.00
1394772025, 1.00
1394772103, 1.00
1394772180, 1.00
1394772257, 1.00
1394772335, 1.00
1394772412, 1.00
1394772489, 1.00
1394772566, 1.00
1394772644, 1.00
1394772722, 1.00
1394772799, 1.00
1394772877, 1.00
1394773034, 1.00
1394773111, 1.00
1394773188, 1.00
1394773266, 1.00
1394773343, 1.00
1394773420, 1.00
1394773497, 1.00
1394773575, 1.00
1394773653, 1.00
1394773730, 1.00
1394773808, 1.00
1394773885, 1.00
1394773962, 1.00
1394774040, 1.00
1394774117, 1.00
1394774194, 1.00
1394774271, 1.00
1394774348, 1.00
1394774425, 1.00
1394774502, 1.00
1394774579, 1.00
1394774656, 1.00
1394774733, 1.00
1394774810, 1.00
1394774887, 1.00
1394774964, 1.00
1394775041, 1.00
1394775118, 1.00
1394775195, 1.00
1394775273, 1.00
1394775350, 1.00
1394775427, 1.00
1394775504, 1.00
1394775581, 1.00
1394775658, 1.00
1394775735, 1.00
1394775812, 1.00
1394775889, 1.00
1394775966, 1.00
1394776043, 1.00
1394776120, 1.00
1394776197, 1.00
1394776274, 1.00
1394776351, 1.00
1394776429, 1.00
1394776506, 1.00
1394776583, 1.00
1394776660, 1.00
1394776737, 1.00
1394776814, 1.00
1394776891, 1.00
1394776968, 1.00
1394777045, 1.00
1394777122, 1.00
1394777199, 1.00
1394777276, 1.00
1394777354, 1.00
1394777431, 1.00
1394777508, 1.00
1394777585, 1.00
1394777662, 1.00
1394777739, 1.00
1394777816, 1.00
1394777893, 1.00
1394777970, 1.00
1394778047, 1.00
1394778124, 1.00
1394778201, 1.00
1394778279, 1.00
1394778356, 1.00
1394778433, 1.00
1394778511, 1.00
1394778588, 1.00
1394778665, 1.00
1394778742, 1.00
1394778819, 1.00
1394778896, 1.00
1394778973, 1.00
1394779050, 1.00
1394779127, 1.00
1394779204, 1.00
1394779282, 1.00
1394779359, 1.00
1394779436, 1.00
1394779590, 1.00
1394779667, 1.00
1394779744, 1.00
1394779821, 1.00
1394779898, 1.00
1394779975, 1.00
1394780052, 1.00
1394780129, 1.00
1394780206, 1.00
1394780283, 1.00
1394780361, 1.00
1394780515, 1.00
1394780592, 1.00
1394780669, 1.00
1394780746, 1.00
1394780823, 1.00
1394780900, 1.00
1394780977, 1.00
1394781054, 1.00
1394781131, 1.00
1394781208, 1.00
1394781285, 1.00
1394781362, 1.00
1394781439, 1.00
1394781516, 1.00
1394781594, 1.00
1394781671, 1.00
1394781748, 1.00
1394781825, 1.00
1394781902, 1.00
1394781979, 1.00
1394782056, 1.00
1394782133, 1.00
1394782210, 1.00
1394782287, 1.00
1394782364, 1.00
1394782441, 1.00
1394782519, 1.00
1394782596, 1.00
1394782673, 1.00
1394782750, 1.00
1394782827, 1.00
1394782904, 1.00
1394782981, 1.00
1394783058, 1.00
1394783135, 1.00
1394783212, 1.00
1394783289, 1.00
1394783366, 1.00
1394783444, 1.00
1394783521, 1.00
1394783598, 1.00
1394783675, 1.00
1394783752, 1.00
1394783829, 1.00
1394783906, 1.00
1394783983, 1.00
1394784060, 1.00
1394784137, 1.00
1394784214, 1.00
1394784291, 1.00
1394784368, 1.00
1394784446, 1.00
1394784523, 1.00
1394784601, 1.00
1394784678, 1.00
1394784755, 1.00
1394784832, 1.00
1394784909, 1.00
1394784986, 1.00
1394785063, 1.00
1394785140, 1.00
1394785217, 1.00
1394785294, 1.00
1394785371, 1.00
1394785448, 1.00
1394785525, 1.00
1394785603, 1.00
1394785680, 1.00
1394785834, 1.00
1394785911, 1.00
1394786065, 1.00
1394786142, 1.00
1394786219, 1.00
1394786296, 1.00
1394786373, 1.00
1394786450, 1.00
1394786527, 1.00
1394786604, 1.00
1394786682, 1.00
1394786759, 1.00
1394786836, 1.00
1394786913, 1.00
1394786990, 1.00
1394787067, 1.00
1394787144, 1.00
1394787221, 1.00
1394787375, 1.00
1394787452, 1.00
1394787530, 1.00
1394787607, 1.00
1394787684, 1.00
1394787761, 1.00
1394787838, 1.00
1394787915, 1.00
1394787992, 1.00
1394788069, 1.00
1394788223, 1.00
1394788300, 1.00
1394788377, 1.00
1394788454, 1.00
1394788531, 1.00
1394788608, 1.00
1394788685, 1.00
1394788762, 1.00
1394788839, 1.00
1394788916, 1.00
1394788993, 1.00
1394789071, 1.00
1394789148, 1.00
1394789302, 1.00
1394789379, 1.00
1394789456, 1.00
1394789533, 1.00
1394789610, 1.00
1394789687, 1.00
1394789764, 1.00
1394789841, 1.00
1394789919, 1.00
1394789996, 1.00
1394790073, 1.00
1394790150, 1.00
1394790304, 1.00
1394790382, 1.00
1394790459, 1.00
1394790536, 1.00
1394790613, 1.00
1394790690, 1.00
1394790767, 1.00
1394790845, 1.00
1394790922, 1.00
1394791076, 1.00
1394791153, 1.00
1394791230, 1.00
1394791308, 1.00
1394791385, 1.00
1394791462, 1.00
1394791539, 1.00
1394791616, 1.00
1394791693, 1.00
1394791770, 1.00
1394791847, 1.00
1394791924, 1.00
1394792001, 1.00
1394792078, 1.00
1394792155, 1.00
1394792232, 1.00
1394792309, 1.00
1394792386, 1.00
1394792464, 1.00
1394792541, 1.00
1394792618, 1.00
1394792695, 1.00
1394792772, 1.00
1394792849, 1.00
1394792926, 1.00
1394793003, 1.00
1394793082, 1.00
1394793159, 1.00
1394793237, 1.00
1394793315, 1.00
1394793392, 1.00
1394793470, 1.00
1394793547, 1.00
1394793625, 1.00
1394793779, 1.00
1394793857, 1.00
1394793934, 1.00
1394794011, 1.00
1394794088, 1.00
1394794165, 1.00
1394794242, 1.00
1394794319, 1.00
1394794396, 1.00
1394794473, 1.00
1394794550, 1.00
1394794628, 1.00
1394794705, 1.00
1394794782, 1.00
1394794859, 1.00
1394794936, 1.00
1394795013, 1.00
1394795090, 1.00
1394795167, 1.00
1394795244, 1.00
1394795321, 1.00
1394795398, 1.00
1394795475, 1.00
1394795552, 1.00
1394795629, 1.00
1394795706, 1.00
1394795783, 1.00
1394795860, 1.00
1394795938, 1.00
1394796015, 1.00
1394796092, 1.00
1394796169, 1.00
1394796246, 1.00
1394796323, 1.00
1394796400, 1.00
1394796477, 1.00
1394796631, 1.00
1394796709, 1.00
1394796786, 1.00
1394796863, 1.00
1394796940, 1.00
1394797017, 1.00
1394797094, 1.00
1394797171, 1.00
1394797248, 1.00
1394797325, 1.00
1394797479, 1.00
1394797556, 1.00
1394797710, 1.00
1394797787, 1.00
1394797864, 1.00
1394797941, 1.00
1394798018, 1.00
1394798095, 1.00
1394798172, 1.00
1394798249, 1.00
1394798326, 1.00
1394798404, 1.00
1394798481, 1.00
1394798558, 1.00
1394798712, 1.00
1394798866, 1.00
1394798943, 1.00
1394799021, 1.00
1394799098, 1.00
1394799175, 1.00
1394799252, 1.00
1394799329, 1.00
1394799406, 1.00
1394799483, 1.00
1394799560, 1.00
1394799637, 1.00
1394799714, 1.00
1394799792, 1.00
1394799869, 1.00
1394799946, 1.00
1394800023, 1.00
1394800100, 1.00
1394800177, 1.00
1394800255, 1.00
1394800332, 1.00
1394800409, 1.00
1394800486, 1.00
1394800640, 1.00
1394800717, 1.00
1394800794, 1.00
1394800871, 1.00
1394800948, 1.00
1394801025, 1.00
1394801102, 1.00
1394801179, 1.00
1394801257, 1.00
1394801334, 1.00
1394801411, 1.00
1394801488, 1.00
1394801565, 1.00
1394801642, 1.00
1394801719, 1.00
1394801796, 1.00
1394801873, 1.00
1394802027, 1.00
1394802104, 1.00
1394802181, 1.00
1394802258, 1.00
1394802335, 1.00
1394802412, 1.00
1394802489, 1.00
1394802567, 1.00
1394802644, 1.00
1394802721, 1.00
1394802798, 1.00
1394802875, 1.00
1394802952, 1.00
1394803029, 1.00
1394803106, 1.00
1394803183, 1.00
1394803261, 1.00
1394803338, 1.00
1394803415, 1.00
1394803492, 1.00
1394803570, 1.00
1394803647, 1.00
1394803724, 1.00
1394803801, 1.00
1394803878, 1.00
1394803955, 1.00
1394804032, 1.00
1394804109, 1.00
1394804186, 1.00
1394804270, 1.00
1394804349, 1.00
1394804426, 1.00
1394804503, 1.00
1394804580, 1.00
1394804657, 1.00
1394804734, 1.00
1394804812, 1.00
1394804889, 1.00
1394804967, 1.00
1394805044, 1.00
1394805121, 1.00
1394805198, 1.00
1394805275, 1.00
1394805352, 1.00
1394805429, 1.00
1394805506, 1.00
1394805583, 1.00
1394805661, 1.00
1394805738, 1.00
1394805815, 1.00
1394805892, 1.00
1394805969, 1.00
1394806046, 1.00
1394806123, 1.00
1394806200, 1.00
1394806277, 1.00
1394806354, 1.00
1394806431, 1.00
1394806508, 1.00
1394806585, 1.00
1394806662, 1.00
1394806739, 1.00
1394806816, 1.00
1394806893, 1.00
1394806970, 1.00
1394807048, 1.00
1394807202, 1.00
1394807279, 1.00
1394807356, 1.00
1394807434, 1.00
1394807511, 1.00
1394807588, 1.00
1394807665, 1.00
1394807742, 1.00
1394807819, 1.00
1394807896, 1.00
1394807973, 1.00
1394808050, 1.00
1394808128, 1.00
1394808205, 1.00
1394808282, 1.00
1394808359, 1.00
1394808436, 1.00
1394808513, 1.00
1394808667, 1.00
1394808744, 1.00
1394808821, 1.00
1394808899, 1.00
1394808976, 1.00
1394809130, 1.00
1394809207, 1.00
1394809284, 1.00
1394809361, 1.00
1394809438, 1.00
1394809515, 1.00
1394809592, 1.00
1394809670, 1.00
1394809747, 1.00
1394809824, 1.00
1394809901, 1.00
1394809978, 1.00
1394810055, 1.00
1394810132, 1.00
1394810209, 1.00
1394810286, 1.00
1394810363, 1.00
1394810440, 1.00
1394810518, 1.00
1394810595, 1.00
1394810672, 1.00
1394810826, 1.00
1394810903, 1.00
1394810980, 1.00
1394811057, 1.00
1394811134, 1.00
1394811212, 1.00
1394811289, 1.00
1394811366, 1.00
1394811443, 1.00
1394811520, 1.00
1394811597, 1.00
1394811828, 1.00
1394811905, 1.00
1394811982, 1.00
1394812059, 1.00
1394812136, 1.00
1394812213, 1.00
1394812290, 1.00
1394812368, 1.00
1394812445, 1.00
1394812522, 1.00
1394812600, 1.00
1394812677, 1.00
1394812754, 1.00
1394812831, 1.00
1394812909, 1.00
1394812986, 1.00
1394813063, 1.00
1394813140, 1.00
1394813217, 1.00
1394813295, 1.00
1394813372, 1.00
1394813450, 1.00
1394813527, 1.00
1394813604, 1.00
1394813682, 1.00
1394813759, 1.00
1394813836, 1.00
1394813914, 1.00
1394813991, 1.00
1394814068, 1.00
1394814145, 1.00
1394814223, 1.00
1394814300, 1.00
1394814378, 1.00
1394814455, 1.00
1394814532, 1.00
1394814686, 1.00
1394814763, 1.00
1394814841, 1.00
1394814996, 1.00
1394815073, 1.00
1394815150, 1.00
1394815227, 1.00
1394815305, 1.00
1394815459, 1.00
1394815536, 1.00
1394815613, 1.00
1394815768, 1.00
1394815923, 1.00
1394816000, 1.00
1394816078, 1.00
1394816155, 1.00
1394816233, 1.00
1394816310, 1.00
1394816387, 1.00
1394816464, 1.00
1394816541, 1.00
1394816618, 1.00
1394816695, 1.00
1394816773, 1.00
1394816850, 1.00
1394817004, 1.00
1394817081, 1.00
1394817158, 1.00
1394817235, 1.00
1394817312, 1.00
1394817390, 1.00
1394817467, 1.00
1394817544, 1.00
1394817621, 1.00
1394817698, 1.00
1394817775, 1.00
1394817852, 1.00
1394817929, 1.00
1394818006, 1.00
1394818083, 1.00
1394818161, 1.00
1394818238, 1.00
1394818316, 1.00
1394818393, 1.00
1394818470, 1.00
1394818547, 1.00
1394818624, 1.00
1394818701, 1.00
1394818779, 1.00
1394818856, 1.00
1394818933, 1.00
1394819010, 1.00
1394819087, 1.00
1394819166, 1.00
1394819243, 1.00
1394819320, 1.00
1394819398, 1.00
1394819475, 1.00
1394819552, 1.00
1394819629, 1.00
1394819706, 1.00
1394819783, 1.00
1394819861, 1.00
1394819938, 1.00
1394820015, 1.00
1394820092, 1.00
1394820169, 1.00
1394820247, 1.00
1394820401, 1.00
1394820478, 1.00
1394820555, 1.00
1394820633, 1.00
1394820710, 1.00
1394820787, 1.00
1394820864, 1.00
1394820941, 1.00
1394821018, 1.00
1394821096, 1.00
1394821173, 1.00
1394821250, 1.00
1394821327, 1.00
1394821405, 1.00
1394821482, 1.00
1394821559, 1.00
1394821637, 1.00
1394821714, 1.00
1394821791, 1.00
1394821868, 1.00
1394821945, 1.00
1394822023, 1.00
1394822100, 1.00
1394822177, 1.00
1394822254, 1.00
1394822331, 1.00
1394822408, 1.00
1394822485, 1.00
1394822563, 1.00
1394822640, 1.00
1394822718, 1.00
1394822795, 1.00
1394822873, 1.00
1394822950, 1.00
1394823027, 1.00
1394823528, 1.00
1394823605, 1.00
1394823682, 1.00
1394823760, 1.00
1394823837, 1.00
1394823914, 1.00
1394823992, 1.00
1394824069, 1.00
1394824146, 1.00
1394824223, 1.00
1394824301, 1.00
1394824378, 1.00
1394824456, 1.00
1394824533, 1.00
1394824610, 1.00
1394824687, 1.00
1394824764, 1.00
1394824842, 1.00
1394824919, 1.00
1394824996, 1.00
1394825073, 1.00
1394825150, 1.00
1394825228, 1.00
1394825305, 1.00
1394825382, 1.00
1394825459, 1.00
1394825536, 1.00
1394825613, 1.00
1394825690, 1.00
1394825767, 1.00
1394825845, 1.00
1394825922, 1.00
1394826076, 1.00
1394826153, 1.00
1394826230, 1.00
1394826307, 1.00
1394826384, 1.00
1394826461, 1.00
1394826538, 1.00
1394826616, 1.00
1394826693, 1.00
1394826771, 1.00
1394826848, 1.00
1394826925, 1.00
1394827002, 1.00
1394827079, 1.00
1394827156, 1.00
1394827234, 1.00
1394827311, 1.00
1394827388, 1.00
1394827465, 1.00
1394827543, 1.00
1394827620, 1.00
1394827697, 1.00
1394827774, 1.00
1394827851, 1.00
1394827929, 1.00
1394828006, 1.00
1394828084, 1.00
1394828162, 1.00
1394828240, 1.00
1394828317, 1.00
1394828395, 1.00
1394828473, 1.00
1394828551, 1.00
1394828628, 1.00
1394828706, 1.00
1394828860, 1.00
1394828937, 1.00
1394829014, 1.00
1394829092, 1.00
1394829169, 1.00
1394829246, 1.00
1394829323, 1.00
1394829400, 1.00
1394829477, 1.00
1394829554, 1.00
1394829632, 1.00
1394829709, 1.00
1394829786, 1.00
1394829863, 1.00
1394829940, 1.00
1394830017, 1.00
1394830094, 1.00
1394830171, 1.00
1394830248, 1.00
1394830326, 1.00
1394830403, 1.00
1394830480, 1.00
1394830557, 1.00
1394830634, 1.00
1394830711, 1.00
1394830788, 1.00
1394830865, 1.00
1394830942, 1.00
1394831019, 1.00
1394831096, 1.00
1394831173, 1.00
1394831250, 1.00
1394831328, 1.00
1394831405, 1.00
1394831483, 1.00
1394831560, 1.00
1394831637, 1.00
1394831714, 1.00
1394831791, 1.00
1394831868, 1.00
1394831945, 1.00
1394832022, 1.00
1394832100, 1.00
1394832177, 1.00
1394832254, 1.00
1394832332, 1.00
1394832409, 1.00
1394832486, 1.00
1394832564, 1.00
1394832795, 1.00
1394832872, 1.00
1394832949, 1.00
1394833026, 1.00
1394833103, 1.00
1394833181, 1.00
1394833258, 1.00
1394833335, 1.00
1394833412, 1.00
1394833489, 1.00
1394833566, 1.00
1394833643, 1.00
1394833720, 1.00
1394833797, 1.00
1394833874, 1.00
1394833951, 1.00
1394834029, 1.00
1394834106, 1.00
1394834337, 1.00
1394834414, 1.00
1394834491, 1.00
1394834568, 1.00
1394834645, 1.00
1394834723, 1.00
1394834800, 1.00
1394834877, 1.00
1394834954, 1.00
1394835031, 1.00
1394835109, 1.00
1394835186, 1.00
1394835263, 1.00
1394835340, 1.00
1394835417, 1.00
1394835494, 1.00
1394835571, 1.00
1394835648, 1.00
1394835725, 1.00
1394835802, 1.00
1394835879, 1.00
1394835957, 1.00
1394836035, 1.00
1394836112, 1.00
1394836189, 1.00
1394836343, 1.00
1394836420, 1.00
1394836497, 1.00
1394836574, 1.00
1394836652, 1.00
1394836806, 1.00
1394836883, 1.00
1394836960, 1.00
1394837037, 1.00
1394837114, 1.00
1394837192, 1.00
1394837269, 1.00
1394837346, 1.00
1394837423, 1.00
1394837500, 1.00
1394837578, 1.00
1394837656, 1.00
1394837733, 1.00
1394837811, 1.00
1394837888, 1.00
1394837965, 1.00
1394838043, 1.00
1394838120, 1.00
1394838198, 1.00
1394838275, 1.00
1394838352, 1.00
1394838507, 1.00
1394838585, 1.00
1394838662, 1.00
1394838739, 1.00
1394838817, 1.00
1394838894, 1.00
1394838972, 1.00
1394839049, 1.00
1394839127, 1.00
1394839204, 1.00
1394839282, 1.00
1394839359, 1.00
1394839437, 1.00
1394839515, 1.00
1394839593, 1.00
1394839670, 1.00
1394839747, 1.00
1394839825, 1.00
1394839902, 1.00
1394839979, 1.00
1394840057, 1.00
1394840135, 1.00
1394840213, 1.00
1394840291, 1.00
1394840369, 1.00
1394840446, 1.00
1394840523, 1.00
1394840601, 1.00
1394840679, 1.00
1394840756, 1.00
1394840910, 1.00
1394840987, 1.00
1394841064, 1.00
1394841141, 1.00
1394841218, 1.00
1394841296, 1.00
1394841373, 1.00
1394841527, 1.00
1394841604, 1.00
1394841681, 1.00
1394841759, 1.00
1394841836, 1.00
1394841913, 1.00
1394841990, 1.00
1394842067, 1.00
1394842144, 1.00
1394842221, 1.00
1394842299, 1.00
1394842376, 1.00
1394842453, 1.00
1394842530, 1.00
1394842607, 1.00
1394842684, 1.00
1394842761, 1.00
1394842838, 1.00
1394842916, 1.00
1394842993, 1.00
1394843070, 1.00
1394843147, 1.00
1394843224, 1.00
1394843301, 1.00
1394843378, 1.00
1394843455, 1.00
1394843532, 1.00
1394843609, 1.00
1394843686, 1.00
1394843763, 1.00
1394843840, 1.00
1394843918, 1.00
1394843995, 1.00
1394844072, 1.00
1394844149, 1.00
1394844226, 1.00
1394844303, 1.00
1394844380, 1.00
1394844457, 1.00
1394844534, 1.00
1394844612, 1.00
1394844690, 1.00
1394844768, 1.00
1394844847, 1.00
1394844925, 1.00
1394845003, 1.00
1394845080, 1.00
1394845158, 1.00
1394845235, 1.00
1394845314, 1.00
1394845391, 1.00
1394845470, 1.00
1394845548, 1.00
1394845625, 1.00
1394845702, 1.00
1394845779, 1.00
1394845856, 1.00
1394845933, 1.00
1394846011, 1.00
1394846088, 1.00
1394846165, 1.00
1394846242, 1.00
1394846319, 1.00
1394846396, 1.00
1394846473, 1.00
1394846550, 1.00
1394846627, 1.00
1394846704, 1.00
1394846781, 1.00
1394846858, 1.00
1394846935, 1.00
1394847012, 1.00
1394847091, 1.00
1394847168, 1.00
1394847245, 1.00
1394847323, 1.00
1394847400, 1.00
1394847477, 1.00
1394847554, 1.00
1394847631, 1.00
1394847708, 1.00
1394847785, 1.00
1394847862, 1.00
1394847939, 1.00
1394848016, 1.00
1394848093, 1.00
1394848170, 1.00
1394848247, 1.00
1394848324, 1.00
1394848401, 1.00
1394848478, 1.00
1394848555, 1.00
1394848632, 1.00
1394848709, 1.00
1394848786, 1.00
1394848863, 1.00
1394848940, 1.00
1394849017, 1.00
1394849094, 1.00
1394849171, 1.00
1394849248, 1.00
1394849325, 1.00
1394849402, 1.00
1394849479, 1.00
1394849556, 1.00
1394849633, 1.00
1394849711, 1.00
1394849788, 1.00
1394849865, 1.00
1394849942, 1.00
1394850019, 1.00
1394850096, 1.00
1394850173, 1.00
1394850250, 1.00
1394850327, 1.00
1394850404, 1.00
1394850481, 1.00
1394850558, 1.00
1394850635, 1.00
1394850712, 1.00
1394850789, 1.00
1394850866, 1.00
1394850943, 1.00
1394851020, 1.00
1394851097, 1.00
1394851174, 1.00
1394851251, 1.00
1394851328, 1.00
1394851405, 1.00
1394851482, 1.00
1394851559, 1.00
1394851636, 1.00
1394851713, 1.00
1394851790, 1.00
1394851867, 1.00
1394851944, 1.00
1394852021, 1.00
1394852098, 1.00
1394852175, 1.00
1394852252, 1.00
1394852329, 1.00
1394852406, 1.00
1394852483, 1.00
1394852560, 1.00
1394852637, 1.00
1394852714, 1.00
1394852791, 1.00
1394852868, 1.00
1394852945, 1.00
1394853022, 1.00
1394853099, 1.00
1394853176, 1.00
1394853253, 1.00
1394853330, 1.00
1394853407, 1.00
1394853484, 1.00
1394853561, 1.00
1394853638, 1.00
1394853715, 1.00
1394853792, 1.00
1394853869, 1.00
1394853946, 1.00
1394854023, 1.00
1394854100, 1.00
1394854177, 1.00
1394854254, 1.00
1394854331, 1.00
1394854408, 1.00
1394854485, 1.00
1394854562, 1.00
1394854639, 1.00
1394854716, 1.00
1394854793, 1.00
1394854870, 1.00
1394854947, 1.00
1394855024, 1.00
1394855101, 1.00
1394855178, 1.00
1394855255, 1.00
1394855332, 1.00
1394855409, 1.00
1394855486, 1.00
1394855563, 1.00
1394855640, 1.00
1394855717, 1.00
1394855794, 1.00
1394855871, 1.00
1394855948, 1.00
1394856025, 1.00
1394856102, 1.00
1394856179, 1.00
1394856256, 1.00
1394856333, 1.00
1394856410, 1.00
1394856487, 1.00
1394856564, 1.00
1394856641, 1.00
1394856718, 1.00
1394856795, 1.00
1394856872, 1.00
1394856949, 1.00
1394857026, 1.00
1394857103, 1.00
1394857180, 1.00
1394857257, 1.00
1394857334, 1.00
1394857411, 1.00
1394857488, 1.00
1394857565, 1.00
1394857642, 1.00
1394857719, 1.00
1394857796, 1.00
1394857874, 1.00
1394857951, 1.00
1394858028, 1.00
1394858105, 1.00
1394858182, 1.00
1394858259, 1.00
1394858336, 1.00
1394858413, 1.00
1394858490, 1.00
1394858567, 1.00
1394858644, 1.00
1394858721, 1.00
1394858798, 1.00
1394858875, 1.00
1394858952, 1.00
1394859029, 1.00
1394859106, 1.00
1394859183, 1.00
1394859260, 1.00
1394859337, 1.00
1394859414, 1.00
1394859491, 1.00
1394859568, 1.00
1394859645, 1.00
1394859722, 1.00
1394859799, 1.00
1394859876, 1.00
1394859953, 1.00
1394860030, 1.00
1394860107, 1.00
1394860184, 1.00
1394860261, 1.00
1394860338, 1.00
1394860415, 1.00
1394860492, 1.00
1394860569, 1.00
1394860646, 1.00
1394860723, 1.00
1394860800, 1.00
1394860877, 1.00
1394860954, 1.00
1394861031, 1.00
1394861108, 1.00
1394861185, 1.00
1394861262, 1.00
1394861339, 1.00
1394861416, 1.00
1394861493, 1.00
1394861570, 1.00
1394861648, 1.00
1394861725, 1.00
1394861802, 1.00
1394861879, 1.00
1394861956, 1.00
1394862033, 1.00
1394862110, 1.00
1394862187, 1.00
1394862264, 1.00
1394862341, 1.00
1394862418, 1.00
1394862495, 1.00
1394862572, 1.00
1394862649, 1.00
1394862726, 1.00
1394862803, 1.00
1394862880, 1.00
1394862957, 1.00
1394863034, 1.00
1394863111, 1.00
1394863188, 1.00
1394863265, 1.00
1394863342, 1.00
1394863419, 1.00
1394863496, 1.00
1394863573, 1.00
1394863650, 1.00
1394863727, 1.00
1394863804, 1.00
1394863881, 1.00
1394863958, 1.00
1394864035, 1.00
1394864112, 1.00
1394864189, 1.00
1394864266, 1.00
1394864343, 1.00
1394864420, 1.00
1394864497, 1.00
1394864574, 1.00
1394864651, 1.00
1394864728, 1.00
1394864805, 1.00
1394864882, 1.00
1394864959, 1.00
1394865036, 1.00
1394865114, 1.00
1394865191, 1.00
1394865268, 1.00
1394865345, 1.00
1394865422, 1.00
1394865499, 1.00
1394865576, 1.00
1394865653, 1.00
1394865730, 1.00
1394865807, 1.00
1394865884, 1.00
1394865961, 1.00
1394866038, 1.00
1394866115, 1.00
1394866192, 1.00
1394866269, 1.00
1394866346, 1.00
1394866423, 1.00
1394866500, 1.00
1394866577, 1.00
1394866654, 1.00
1394866731, 1.00
1394866808, 1.00
1394866885, 1.00
1394866962, 1.00
1394867039, 1.00
1394867116, 1.00
1394867193, 1.00
1394867270, 1.00
1394867347, 1.00
1394867424, 1.00
1394867501, 1.00
1394867578, 1.00
1394867656, 1.00
1394867734, 1.00
1394867811, 1.00
1394867888, 1.00
1394867965, 1.00
1394868042, 1.00
1394868119, 1.00
1394868197, 1.00
1394868274, 1.00
1394868352, 1.00
1394868429, 1.00
1394868506, 1.00
1394868583, 1.00
1394868660, 1.00
1394868737, 1.00
1394868814, 1.00
1394868891, 1.00
1394868968, 1.00
1394869045, 1.00
1394869122, 1.00
1394869199, 1.00
1394869276, 1.00
1394869353, 1.00
1394869430, 1.00
1394869507, 1.00
1394869584, 1.00
1394869661, 1.00
1394869738, 1.00
1394869815, 1.00
1394869892, 1.00
1394869969, 1.00
1394870046, 1.00
1394870123, 1.00
1394870200, 1.00
1394870277, 1.00
1394870355, 1.00
1394870432, 1.00
1394870509, 1.00
1394870586, 1.00
1394870663, 1.00
1394870740, 1.00
1394870817, 1.00
1394870894, 1.00
1394870971, 1.00
1394871048, 1.00
1394871125, 1.00
1394871202, 1.00
1394871279, 1.00
1394871356, 1.00
1394871434, 1.00
1394871511, 1.00
1394871588, 1.00
1394871665, 1.00
1394871743, 1.00
1394871820, 1.00
1394871897, 1.00
1394871974, 1.00
1394872052, 1.00
1394872129, 1.00
1394872206, 1.00
1394872283, 1.00
1394872360, 1.00
1394872437, 1.00
1394872514, 1.00
1394872592, 1.00
1394872669, 1.00
1394872746, 1.00
1394872824, 1.00
1394872901, 1.00
1394872978, 1.00
1394873055, 1.00
1394873132, 1.00
1394873210, 1.00
1394873287, 1.00
1394873365, 1.00
1394873442, 1.00
1394873519, 1.00
1394873596, 1.00
1394873674, 1.00
1394873751, 1.00
1394873829, 1.00
1394873906, 1.00
1394873983, 1.00
1394874060, 1.00
1394874137, 1.00
1394874214, 1.00
1394874291, 1.00
1394874368, 1.00
1394874445, 1.00
1394874522, 1.00
1394874599, 1.00
1394874676, 1.00
1394874753, 1.00
1394874831, 1.00
1394874909, 1.00
1394874986, 1.00
1394875063, 1.00
1394875140, 1.00
1394875217, 1.00
1394875294, 1.00
1394875372, 1.00
1394875449, 1.00
1394875526, 1.00
1394875604, 1.00
1394875681, 1.00
1394875760, 1.00
1394875838, 1.00
1394875915, 1.00
1394875992, 1.00
1394876069, 1.00
1394876146, 1.00
1394876223, 1.00
1394876300, 1.00
1394876377, 1.00
1394876454, 1.00
1394876531, 1.00
1394876608, 1.00
1394876685, 1.00
1394876762, 1.00
1394876839, 1.00
1394876916, 1.00
1394876993, 1.00
1394877070, 1.00
1394877147, 1.00
1394877224, 1.00
1394877301, 1.00
1394877378, 1.00
1394877455, 1.00
1394877532, 1.00
1394877609, 1.00
1394877686, 1.00
1394877763, 1.00
1394877840, 1.00
1394877917, 1.00
1394877994, 1.00
1394878071, 1.00
1394878148, 1.00
1394878226, 1.00
1394878304, 1.00
1394878381, 1.00
1394878458, 1.00
1394878535, 1.00
1394878612, 1.00
1394878689, 1.00
1394878766, 1.00
1394878844, 1.00
1394878921, 1.00
1394878999, 1.00
1394879076, 1.00
1394879153, 1.00
1394879231, 1.00
1394879310, 1.00
1394879388, 1.00
1394879466, 1.00
1394879543, 1.00
1394879620, 1.00
1394879697, 1.00
1394879774, 1.00
1394879851, 1.00
1394879928, 1.00
1394880006, 1.00
1394880084, 1.00
1394880161, 1.00
1394880238, 1.00
1394880315, 1.00
1394880392, 1.00
1394880469, 1.00
1394880546, 1.00
1394880623, 1.00
1394880700, 1.00
1394880778, 1.00
1394880855, 1.00
1394880932, 1.00
1394881011, 1.00
1394881088, 1.00
1394881165, 1.00
1394881242, 1.00
1394881319, 1.00
1394881396, 1.00
1394881473, 1.00
1394881551, 1.00
1394881629, 1.00
1394881707, 1.00
1394881784, 1.00
1394881862, 1.00
1394881940, 1.00
1394882019, 1.00
1394882098, 1.00
1394882176, 1.00
1394882254, 1.00
1394882332, 1.00
1394882410, 1.00
1394882489, 1.00
1394882566, 1.00
1394882644, 1.00
1394882722, 1.00
1394882799, 1.00
1394882876, 1.00
1394882953, 1.00
1394883030, 1.00
1394883107, 1.00
1394883184, 1.00
1394883261, 1.00
1394883338, 1.00
1394883415, 1.00
1394883492, 1.00
1394883569, 1.00
1394883646, 1.00
1394883724, 1.00
1394883801, 1.00
1394883879, 1.00
1394883956, 1.00
1394884033, 1.00
1394884110, 1.00
1394884187, 1.00
1394884264, 1.00
1394884341, 1.00
1394884418, 1.00
1394884495, 1.00
1394884572, 1.00
1394884649, 1.00
1394884726, 1.00
1394884804, 1.00
1394884881, 1.00
1394884958, 1.00
1394885035, 1.00
1394885112, 1.00
1394885189, 1.00
1394885266, 1.00
1394885343, 1.00
1394885420, 1.00
1394885497, 1.00
1394885574, 1.00
1394885651, 1.00
1394885728, 1.00
1394885805, 1.00
1394885882, 1.00
1394885959, 1.00
1394886036, 1.00
1394886113, 1.00
1394886190, 1.00
1394886267, 1.00
1394886344, 1.00
1394886421, 1.00
1394886498, 1.00
1394886575, 1.00
1394886652, 1.00
1394886729, 1.00
1394886806, 1.00
1394886883, 1.00
1394886960, 1.00
1394887037, 1.00
1394887115, 1.00
1394887192, 1.00
1394887269, 1.00
1394887346, 1.00
1394887423, 1.00
1394887500, 1.00
1394887577, 1.00
1394887654, 1.00
1394887731, 1.00
1394887808, 1.00
1394887885, 1.00
1394887962, 1.00
1394888039, 1.00
1394888116, 1.00
1394888270, 1.00
1394888347, 1.00
1394888424, 1.00
1394888501, 1.00
1394888578, 1.00
1394888655, 1.00
1394888732, 1.00
1394888809, 1.00
1394888886, 1.00
1394888963, 1.00
1394889040, 1.00
1394889117, 1.00
1394889194, 1.00
1394889271, 1.00
1394889348, 1.00
1394889425, 1.00
1394889502, 1.00
1394889579, 1.00
1394889656, 1.00
1394889733, 1.00
1394889810, 1.00
1394889887, 1.00
1394889964, 1.00
1394890041, 1.00
1394890118, 1.00
1394890195, 1.00
1394890272, 1.00
1394890349, 1.00
1394890426, 1.00
1394890580, 1.00
1394890657, 1.00
1394890734, 1.00
1394890811, 1.00
1394890889, 1.00
1394890966, 1.00
1394891043, 1.00
1394891120, 1.00
1394891197, 1.00
1394891274, 1.00
1394891351, 1.00
1394891428, 1.00
1394891505, 1.00
1394891582, 1.00
1394891659, 1.00
1394891736, 1.00
1394891813, 1.00
1394891890, 1.00
1394891967, 1.00
1394892044, 1.00
1394892121, 1.00
1394892198, 1.00
1394892275, 1.00
1394892352, 1.00
1394892429, 1.00
1394892506, 1.00
1394892583, 1.00
1394892660, 1.00
1394892737, 1.00
1394892815, 1.00
1394892892, 1.00
1394892969, 1.00
1394893046, 1.00
1394893123, 1.00
1394893200, 1.00
1394893277, 1.00
1394893354, 1.00
1394893431, 1.00
1394893508, 1.00
1394893585, 1.00
1394893662, 1.00
1394893739, 1.00
1394893816, 1.00
1394893893, 1.00
1394893970, 1.00
1394894047, 1.00
1394894124, 1.00
1394894201, 1.00
1394894278, 1.00
1394894355, 1.00
1394894432, 1.00
1394894510, 1.00
1394894587, 1.00
1394894664, 1.00
1394894741, 1.00
1394894819, 1.00
1394894897, 1.00
1394894974, 1.00
1394895052, 1.00
1394895129, 1.00
1394895207, 1.00
1394895285, 1.00
1394895364, 1.00
1394895442, 1.00
1394895519, 1.00
1394895597, 1.00
1394895674, 1.00
1394895753, 1.00
1394895830, 1.00
1394895907, 1.00
1394895985, 1.00
1394896063, 1.00
1394896140, 1.00
1394896217, 1.00
1394896296, 1.00
1394896374, 1.00
1394896451, 1.00
1394896528, 1.00
1394896606, 1.00
1394896683, 1.00
1394896760, 1.00
1394896838, 1.00
1394896916, 1.00
1394896994, 1.00
1394897072, 1.00
1394897150, 1.00
1394897228, 1.00
1394897305, 1.00
1394897382, 1.00
1394897459, 1.00
1394897537, 1.00
1394897614, 1.00
1394897691, 1.00
1394897769, 1.00
1394897846, 1.00
1394897924, 1.00
1394898003, 1.00
1394898080, 1.00
1394898158, 1.00
1394898237, 1.00
1394898392, 1.00
1394898470, 1.00
1394898548, 1.00
1394898628, 1.00
1394898706, 1.00
1394898785, 1.00
1394898865, 1.00
1394898942, 1.00
1394899019, 1.00
1394899096, 1.00
1394899173, 1.00
1394899252, 1.00
1394899329, 1.00
1394899487, 1.00
1394899566, 1.00
1394899644, 1.00
1394899721, 1.00
1394899798, 1.00
1394899875, 1.00
1394899953, 1.00
1394900030, 1.00
1394900107, 1.00
1394900185, 1.00
1394900262, 1.00
1394900339, 1.00
1394900416, 1.00
1394900494, 1.00
1394900571, 1.00
1394900648, 1.00
1394900725, 1.00
1394900802, 1.00
1394900880, 1.00
1394900959, 1.00
1394901037, 1.00
1394901116, 1.00
1394901194, 1.00
1394901271, 1.00
1394901350, 1.00
1394901428, 1.00
1394901507, 1.00
1394901586, 1.00
1394901664, 1.00
1394901742, 1.00
1394901821, 1.00
1394901899, 1.00
1394901976, 1.00
1394902054, 1.00
1394902133, 1.00
1394902211, 1.00
1394902290, 1.00
1394902369, 1.00
1394902448, 1.00
1394902526, 1.00
1394902605, 1.00
1394902682, 1.00
1394902760, 1.00
1394902838, 1.00
1394902915, 1.00
1394902993, 1.00
1394903070, 1.00
1394903149, 1.00
1394903226, 1.00
1394903303, 1.00
1394903380, 1.00
1394903458, 1.00
1394903535, 1.00
1394903612, 1.00
1394903689, 1.00
1394903767, 1.00
1394903844, 1.00
1394903921, 1.00
1394903999, 1.00
1394904076, 1.00
1394904154, 1.00
1394904232, 1.00
1394904311, 1.00
1394904389, 1.00
1394904469, 1.00
1394904548, 1.00
1394904626, 1.00
1394904704, 1.00
1394904781, 1.00
1394904858, 1.00
1394904935, 1.00
1394905014, 1.00
1394905091, 1.00
1394905169, 1.00
1394905246, 1.00
1394905324, 1.00
1394905401, 1.00
1394905478, 1.00
1394905632, 1.00
1394905709, 1.00
1394905787, 1.00
1394905864, 1.00
1394906022, 1.00
1394906178, 1.00
1394906255, 1.00
1394906333, 1.00
1394906411, 1.00
1394906490, 1.00
1394906568, 1.00
1394906647, 1.00
1394906727, 1.00
1394906806, 1.00
1394906884, 1.00
1394906961, 1.00
1394907039, 1.00
1394907118, 1.00
1394907196, 1.00
1394907275, 1.00
1394907353, 1.00
1394907433, 1.00
1394907511, 1.00
1394907589, 1.00
1394907666, 1.00
1394907743, 1.00
1394907820, 1.00
1394907897, 1.00
1394907975, 1.00
1394908131, 1.00
1394908210, 1.00
1394908288, 1.00
1394908366, 1.00
1394908523, 1.00
1394908602, 1.00
1394908680, 1.00
1394908758, 1.00
1394908835, 1.00
1394908912, 1.00
1394908989, 1.00
1394909066, 1.00
1394909143, 1.00
1394909220, 1.00
1394909297, 1.00
1394909452, 1.00
1394909529, 1.00
1394909606, 1.00
1394909683, 1.00
1394909761, 1.00
1394909839, 1.00
1394909916, 1.00
1394909993, 1.00
1394910071, 1.00
1394910149, 1.00
1394910227, 1.00
1394910306, 1.00
1394910462, 1.00
1394910539, 1.00
1394910616, 1.00
1394910695, 1.00
1394910773, 1.00
1394910851, 1.00
1394910929, 1.00
1394911008, 1.00
1394911087, 1.00
1394911165, 1.00
1394911242, 1.00
1394911319, 1.00
1394911397, 1.00
1394911477, 1.00
1394911556, 1.00
1394911636, 1.00
1394911713, 1.00
1394911791, 1.00
1394911868, 1.00
1394911945, 1.00
1394912022, 1.00
1394912099, 1.00
1394912177, 1.00
1394912254, 1.00
1394912332, 1.00
1394912409, 1.00
1394912486, 1.00
1394912563, 1.00
1394912640, 1.00
1394912717, 1.00
1394912794, 1.00
1394912871, 1.00
1394912948, 1.00
1394913025, 1.00
1394913102, 1.00
1394913179, 1.00
1394913256, 1.00
1394913333, 1.00
1394913410, 1.00
1394913487, 1.00
1394913564, 1.00
1394913641, 1.00
1394913718, 1.00
1394913795, 1.00
1394913872, 1.00
1394913949, 1.00
1394914026, 1.00
1394914103, 1.00
1394914180, 1.00
1394914257, 1.00
1394914334, 1.00
1394914411, 1.00
1394914488, 1.00
1394914565, 1.00
1394914642, 1.00
1394914720, 1.00
1394914797, 1.00
1394914874, 1.00
1394914951, 1.00
1394915029, 1.00
1394915106, 1.00
1394915183, 1.00
1394915260, 1.00
1394915337, 1.00
1394915416, 1.00
1394915493, 1.00
1394915570, 1.00
1394915647, 1.00
1394915724, 1.00
1394915802, 1.00
1394915880, 1.00
1394915957, 1.00
1394916034, 1.00
1394916112, 1.00
1394916189, 1.00
1394916266, 1.00
1394916344, 1.00
1394916421, 1.00
1394916500, 1.00
1394916655, 1.00
1394916733, 1.00
1394916811, 1.00
1394916889, 1.00
1394916968, 1.00
1394917046, 1.00
1394917124, 1.00
1394917203, 1.00
1394917282, 1.00
1394917361, 1.00
1394917439, 1.00
1394917596, 1.00
1394917673, 1.00
1394917750, 1.00
1394917827, 1.00
1394917905, 1.00
1394918059, 1.00
1394918137, 1.00
1394918214, 1.00
1394918291, 1.00
1394918369, 1.00
1394918446, 1.00
1394918600, 1.00
1394918677, 1.00
1394918755, 1.00
1394918832, 1.00
1394918909, 1.00
1394918986, 1.00
1394919063, 1.00
1394919140, 1.00
1394919217, 1.00
1394919295, 1.00
1394919372, 1.00
1394919449, 1.00
1394919527, 1.00
1394919604, 1.00
1394919681, 1.00
1394919758, 1.00
1394919835, 1.00
1394919913, 1.00
1394919990, 1.00
1394920069, 1.00
1394920147, 1.00
1394920225, 1.00
1394920302, 1.00
1394920379, 1.00
1394920458, 1.00
1394920537, 1.00
1394920617, 1.00
1394920773, 1.00
1394920853, 1.00
1394920931, 1.00
1394921010, 1.00
1394921168, 1.00
1394921246, 1.00
1394921323, 1.00
1394921400, 1.00
1394921477, 1.00
1394921555, 1.00
1394921633, 1.00
1394921712, 1.00
1394921791, 1.00
1394921870, 1.00
1394921947, 1.00
1394922024, 1.00
1394922101, 1.00
1394922179, 1.00
1394922258, 1.00
1394922336, 1.00
1394922414, 1.00
1394922492, 1.00
1394922569, 1.00
1394922646, 1.00
1394922723, 1.00
1394922801, 1.00
1394922878, 1.00
1394922957, 1.00
1394923034, 1.00
1394923111, 1.00
1394923188, 1.00
1394923265, 1.00
1394923342, 1.00
1394923419, 1.00
1394923496, 1.00
1394923573, 1.00
1394923652, 1.00
1394923730, 1.00
1394923809, 1.00
1394923887, 1.00
1394923965, 1.00
1394924043, 1.00
1394924121, 1.00
1394924200, 1.00
1394924278, 1.00
1394924356, 1.00
1394924433, 1.00
1394924511, 1.00
1394924588, 1.00
1394924666, 1.00
1394924743, 1.00
1394924821, 1.00
1394924899, 1.00
1394924978, 1.00
1394925056, 1.00
1394925134, 1.00
1394925212, 1.00
1394925289, 1.00
1394925367, 1.00
1394925445, 1.00
1394925524, 1.00
1394925602, 1.00
1394925680, 1.00
1394925758, 1.00
1394925837, 1.00
1394925916, 1.00
1394925993, 1.00
1394926070, 1.00
1394926148, 1.00
1394926226, 1.00
1394926305, 1.00
1394926382, 1.00
1394926460, 1.00
1394926540, 1.00
1394926618, 1.00
1394926695, 1.00
1394926772, 1.00
1394926849, 1.00
1394926926, 1.00
1394927004, 1.00
1394927083, 1.00
1394927160, 1.00
1394927239, 1.00
1394927316, 1.00
1394927394, 1.00
1394927472, 1.00
1394927549, 1.00
1394927627, 1.00
1394927704, 1.00
1394927782, 1.00
1394927859, 1.00
1394927938, 1.00
1394928016, 1.00
1394928094, 1.00
1394928171, 1.00
1394928249, 1.00
1394928327, 1.00
1394928404, 1.00
1394928482, 1.00
1394928559, 1.00
1394928637, 1.00
1394928716, 1.00
1394928793, 1.00
1394928872, 1.00
1394928950, 1.00
1394929027, 1.00
1394929105, 1.00
1394929182, 1.00
1394929260, 1.00
1394929338, 1.00
1394929416, 1.00
1394929493, 1.00
1394929571, 1.00
1394929648, 1.00
1394929727, 1.00
1394929882, 1.00
1394929961, 1.00
1394930117, 1.00
1394930195, 1.00
1394930273, 1.00
1394930351, 1.00
1394930429, 1.00
1394930508, 1.00
1394930585, 1.00
1394930663, 1.00
1394930741, 1.00
1394930819, 1.00
1394930897, 1.00
1394930975, 1.00
1394931053, 1.00
1394931130, 1.00
1394931207, 1.00
1394931285, 1.00
1394931363, 1.00
1394931441, 1.00
1394931519, 1.00
1394931597, 1.00
1394931675, 1.00
1394931752, 1.00
1394931829, 1.00
1394931906, 1.00
1394931983, 1.00
1394932060, 1.00
1394932137, 1.00
1394932214, 1.00
1394932291, 1.00
1394932368, 1.00
1394932445, 1.00
1394932522, 1.00
1394932599, 1.00
1394932676, 1.00
1394932753, 1.00
1394932831, 1.00
1394932909, 1.00
1394932986, 1.00
1394933064, 1.00
1394933142, 1.00
1394933220, 1.00
1394933298, 1.00
1394933376, 1.00
1394933454, 1.00
1394933532, 1.00
1394933610, 1.00
1394933688, 1.00
1394933765, 1.00
1394933843, 1.00
1394933921, 1.00
1394933998, 1.00
1394934077, 1.00
1394934154, 1.00
1394934232, 1.00
1394934310, 1.00
1394934388, 1.00
1394934466, 1.00
1394934544, 1.00
1394934622, 1.00
1394934777, 1.00
1394934855, 1.00
1394934932, 1.00
1394935009, 1.00
1394935088, 1.00
1394935243, 1.00
1394935321, 1.00
1394935399, 1.00
1394935477, 1.00
1394935554, 1.00
1394935631, 1.00
1394935709, 1.00
1394935786, 1.00
1394935864, 1.00
1394935941, 1.00
1394936019, 1.00
1394936097, 1.00
1394936176, 1.00
1394936253, 1.00
1394936330, 1.00
1394936409, 1.00
1394936486, 1.00
1394936564, 1.00
1394936641, 1.00
1394936719, 1.00
1394936797, 1.00
1394936874, 1.00
1394936952, 1.00
1394937030, 1.00
1394937108, 1.00
1394937185, 1.00
1394937263, 1.00
1394937340, 1.00
1394937418, 1.00
1394937496, 1.00
1394937574, 1.00
1394937652, 1.00
1394937729, 1.00
1394937808, 1.00
1394937885, 1.00
1394937962, 1.00
1394938040, 1.00
1394938117, 1.00
1394938194, 1.00
1394938271, 1.00
1394938348, 1.00
1394938426, 1.00
1394938503, 1.00
1394938581, 1.00
1394938660, 1.00
1394938738, 1.00
1394938815, 1.00
1394938893, 1.00
1394938971, 1.00
1394939049, 1.00
1394939126, 1.00
1394939205, 1.00
1394939283, 1.00
1394939440, 1.00
1394939517, 1.00
1394939595, 1.00
1394939672, 1.00
1394939750, 1.00
1394939827, 1.00
1394939905, 1.00
1394939983, 1.00
1394940060, 1.00
1394940138, 1.00
1394940215, 1.00
1394940293, 1.00
1394940371, 1.00
1394940450, 1.00
1394940527, 1.00
1394940605, 1.00
1394940682, 1.00
1394940759, 1.00
1394940836, 1.00
1394940914, 1.00
1394940991, 1.00
1394941145, 1.00
1394941222, 1.00
1394941299, 1.00
1394941376, 1.00
1394941454, 1.00
1394941532, 1.00
1394941610, 1.00
1394941688, 1.00
1394941765, 1.00
1394941842, 1.00
1394941920, 1.00
1394941997, 1.00
1394942074, 1.00
1394942151, 1.00
1394942229, 1.00
1394942306, 1.00
1394942383, 1.00
1394942460, 1.00
1394942538, 1.00
1394942616, 1.00
1394942694, 1.00
1394942772, 1.00
1394942849, 1.00
1394943004, 1.00
1394943081, 1.00
1394943159, 1.00
1394943236, 1.00
1394943313, 1.00
1394943391, 1.00
1394943468, 1.00
1394943545, 1.00
1394943622, 1.00
1394943700, 1.00
1394943777, 1.00
1394943854, 1.00
1394943931, 1.00
1394944008, 1.00
1394944085, 1.00
1394944163, 1.00
1394944240, 1.00
1394944318, 1.00
1394944395, 1.00
1394944472, 1.00
1394944549, 1.00
1394944626, 1.00
1394944703, 1.00
1394944781, 1.00
1394944858, 1.00
1394944935, 1.00
1394945012, 1.00
1394945089, 1.00
1394945168, 1.00
1394945245, 1.00
1394945324, 1.00
1394945479, 1.00
1394945557, 1.00
1394945634, 1.00
1394945711, 1.00
1394945789, 1.00
1394945866, 1.00
1394945945, 1.00
1394946100, 1.00
1394946178, 1.00
1394946255, 1.00
1394946332, 1.00
1394946410, 1.00
1394946489, 1.00
1394946567, 1.00
1394946645, 1.00
1394946723, 1.00
1394946800, 1.00
1394946877, 1.00
1394946955, 1.00
1394947033, 1.00
1394947111, 1.00
1394947188, 1.00
1394947268, 1.00
1394947347, 1.00
1394947425, 1.00
1394947502, 1.00
1394947580, 1.00
1394947657, 1.00
1394947734, 1.00
1394947812, 1.00
1394947889, 1.00
1394947967, 1.00
1394948044, 1.00
1394948123, 1.00
1394948200, 1.00
1394948279, 1.00
1394948357, 1.00
1394948436, 1.00
1394948515, 1.00
1394948592, 1.00
1394948670, 1.00
1394948747, 1.00
1394948824, 1.00
1394948902, 1.00
1394948980, 1.00
1394949058, 1.00
1394949136, 1.00
1394949214, 1.00
1394949293, 1.00
1394949449, 1.00
1394949526, 1.00
1394949681, 1.00
1394949760, 1.00
1394949916, 1.00
1394949994, 1.00
1394950072, 1.00
1394950149, 1.00
1394950228, 1.00
1394950305, 1.00
1394950382, 1.00
1394950461, 1.00
1394950538, 1.00
1394950616, 1.00
1394950694, 1.00
1394950773, 1.00
1394950928, 1.00
1394951006, 1.00
1394951084, 1.00
1394951162, 1.00
1394951240, 1.00
1394951318, 1.00
1394951396, 1.00
1394951474, 1.00
1394951552, 1.00
1394951630, 1.00
1394951708, 1.00
1394951785, 1.00
1394951862, 1.00
1394951940, 1.00
1394952017, 1.00
1394952095, 1.00
1394952172, 1.00
1394952249, 1.00
1394952326, 1.00
1394952404, 1.00
1394952481, 1.00
1394952558, 1.00
1394952635, 1.00
1394952712, 1.00
1394952789, 1.00
1394952943, 1.00
1394953020, 1.00
1394953097, 1.00
1394953174, 1.00
1394953251, 1.00
1394953329, 1.00
1394953406, 1.00
1394953483, 1.00
1394953560, 1.00
1394953637, 1.00
1394953714, 1.00
1394953791, 1.00
1394953869, 1.00
1394953946, 1.00
1394954023, 1.00
1394954100, 1.00
1394954177, 1.00
1394954254, 1.00
1394954331, 1.00
1394954408, 1.00
1394954639, 1.00
1394954716, 1.00
1394954793, 1.00
1394954870, 1.00
1394954947, 1.00
1394955024, 1.00
1394955101, 1.00
1394955178, 1.00
1394955255, 1.00
1394955332, 1.00
1394955409, 1.00
1394955486, 1.00
1394955564, 1.00
1394955641, 1.00
1394955718, 1.00
1394955795, 1.00
1394955872, 1.00
1394955949, 1.00
1394956026, 1.00
1394956334, 1.00
1394956411, 1.00
1394956488, 1.00
1394956565, 1.00
1394956642, 1.00
1394956719, 1.00
1394956796, 1.00
1394956873, 1.00
1394956950, 1.00
1394957027, 1.00
1394957104, 1.00
1394957181, 1.00
1394957258, 1.00
1394957335, 1.00
1394957412, 1.00
1394957489, 1.00
1394957567, 1.00
1394957644, 1.00
1394957721, 1.00
1394957798, 1.00
1394957875, 1.00
1394957952, 1.00
1394958029, 1.00
1394958183, 1.00
1394958260, 1.00
1394958337, 1.00
1394958414, 1.00
1394958491, 1.00
1394958568, 1.00
1394958645, 1.00
1394958722, 1.00
1394958799, 1.00
1394958876, 1.00
1394958954, 1.00
1394959031, 1.00
1394959108, 1.00
1394959185, 1.00
1394959262, 1.00
1394959339, 1.00
1394959416, 1.00
1394959493, 1.00
1394959570, 1.00
1394959647, 1.00
1394959724, 1.00
1394959801, 1.00
1394959878, 1.00
1394959955, 1.00
1394960032, 1.00
1394960109, 1.00
1394960186, 1.00
1394960264, 1.00
1394960341, 1.00
1394960418, 1.00
1394960495, 1.00
1394960572, 1.00
1394960649, 1.00
1394960726, 1.00
1394960803, 1.00
1394960880, 1.00
1394961034, 1.00
1394961111, 1.00
1394961188, 1.00
1394961265, 1.00
1394961342, 1.00
1394961419, 1.00
1394961496, 1.00
1394961573, 1.00
1394961650, 1.00
1394961727, 1.00
1394961804, 1.00
1394961881, 1.00
1394961958, 1.00
1394962036, 1.00
1394962113, 1.00
1394962190, 1.00
1394962267, 1.00
1394962344, 1.00
1394962421, 1.00
1394962498, 1.00
1394962575, 1.00
1394962652, 1.00
1394962729, 1.00
1394962806, 1.00
1394962883, 1.00
1394962960, 1.00
1394963115, 1.00
1394963192, 1.00
1394963269, 1.00
1394963346, 1.00
1394963423, 1.00
1394963500, 1.00
1394963577, 1.00
1394963654, 1.00
1394963731, 1.00
1394963808, 1.00
1394963885, 1.00
1394963963, 1.00
1394964040, 1.00
1394964117, 1.00
1394964194, 1.00
1394964271, 1.00
1394964348, 1.00
1394964425, 1.00
1394964502, 1.00
1394964579, 1.00
1394964656, 1.00
1394964733, 1.00
1394964810, 1.00
1394964887, 1.00
1394964964, 1.00
1394965041, 1.00
1394965118, 1.00
1394965195, 1.00
1394965272, 1.00
1394965349, 1.00
1394965426, 1.00
1394965503, 1.00
1394965580, 1.00
1394965657, 1.00
1394965734, 1.00
1394965811, 1.00
1394965889, 1.00
1394965966, 1.00
1394966043, 1.00
1394966120, 1.00
1394966197, 1.00
1394966274, 1.00
1394966351, 1.00
1394966428, 1.00
1394966582, 1.00
1394966659, 1.00
1394966736, 1.00
1394966813, 1.00
1394966890, 1.00
1394966967, 1.00
1394967044, 1.00
1394967121, 1.00
1394967198, 1.00
1394967275, 1.00
1394967352, 1.00
1394967429, 1.00
1394967506, 1.00
1394967583, 1.00
1394967661, 1.00
1394967738, 1.00
1394967815, 1.00
1394967892, 1.00
1394967969, 1.00
1394968046, 1.00
1394968123, 1.00
1394968200, 1.00
1394968277, 1.00
1394968354, 1.00
1394968431, 1.00
1394968508, 1.00
1394968585, 1.00
1394968662, 1.00
1394968739, 1.00
1394968817, 1.00
1394968894, 1.00
1394968971, 1.00
1394969048, 1.00
1394969125, 1.00
1394969202, 1.00
1394969279, 1.00
1394969356, 1.00
1394969433, 1.00
1394969510, 1.00
1394969664, 1.00
1394969741, 1.00
1394969818, 1.00
1394969895, 1.00
1394969972, 1.00
1394970049, 1.00
1394970126, 1.00
1394970203, 1.00
1394970280, 1.00
1394970357, 1.00
1394970434, 1.00
1394970511, 1.00
1394970588, 1.00
1394970665, 1.00
1394970742, 1.00
1394970819, 1.00
1394970896, 1.00
1394970973, 1.00
1394971050, 1.00
1394971127, 1.00
1394971205, 1.00
1394971282, 1.00
1394971359, 1.00
1394971436, 1.00
1394971513, 1.00
1394971667, 1.00
1394971744, 1.00
1394971821, 1.00
1394971898, 1.00
1394971975, 1.00
1394972052, 1.00
1394972129, 1.00
1394972206, 1.00
1394972283, 1.00
1394972360, 1.00
1394972437, 1.00
1394972515, 1.00
1394972592, 1.00
1394972669, 1.00
1394972746, 1.00
1394972823, 1.00
1394972900, 1.00
1394973208, 1.00
1394973285, 1.00
1394973362, 1.00
1394973439, 1.00
1394973516, 1.00
1394973593, 1.00
1394973670, 1.00
1394973747, 1.00
1394973824, 1.00
1394973901, 1.00
1394973978, 1.00
1394974056, 1.00
1394974133, 1.00
1394974210, 1.00
1394974287, 1.00
1394974364, 1.00
1394974441, 1.00
1394974672, 1.00
1394974749, 1.00
1394974826, 1.00
1394974903, 1.00
1394974980, 1.00
1394975057, 1.00
1394975134, 1.00
1394975211, 1.00
1394975288, 1.00
1394975365, 1.00
1394975442, 1.00
1394975519, 1.00
1394975596, 1.00
1394975674, 1.00
1394975751, 1.00
1394975828, 1.00
1394975905, 1.00
1394975982, 1.00
1394976059, 1.00
1394976136, 1.00
1394976213, 1.00
1394976290, 1.00
1394976444, 1.00
1394976521, 1.00
1394976598, 1.00
1394976675, 1.00
1394976752, 1.00
1394976829, 1.00
1394976906, 1.00
1394976983, 1.00
1394977060, 1.00
1394977139, 1.00
1394977216, 1.00
1394977293, 1.00
1394977370, 1.00
1394977447, 1.00
1394977524, 1.00
1394977601, 1.00
1394977679, 1.00
1394977756, 1.00
1394977833, 1.00
1394977910, 1.00
1394977987, 1.00
1394978141, 1.00
1394978218, 1.00
1394978295, 1.00
1394978372, 1.00
1394978450, 1.00
1394978604, 1.00
1394978681, 1.00
1394978759, 1.00
1394978836, 1.00
1394978914, 1.00
1394978991, 1.00
1394979068, 1.00
1394979145, 1.00
1394979222, 1.00
1394979300, 1.00
1394979377, 1.00
1394979454, 1.00
1394979608, 1.00
1394979686, 1.00
1394979763, 1.00
1394979840, 1.00
1394979918, 1.00
1394979995, 1.00
1394980072, 1.00
1394980149, 1.00
1394980227, 1.00
1394980304, 1.00
1394980458, 1.00
1394980536, 1.00
1394980613, 1.00
1394980690, 1.00
1394980768, 1.00
1394980845, 1.00
1394980923, 1.00
1394981000, 1.00
1394981078, 1.00
1394981155, 1.00
1394981232, 1.00
1394981310, 1.00
1394981387, 1.00
1394981465, 1.00
1394981542, 1.00
1394981619, 1.00
1394981697, 1.00
1394981774, 1.00
1394981852, 1.00
1394981929, 1.00
1394982006, 1.00
1394982083, 1.00
1394982161, 1.00
1394982238, 1.00
1394982315, 1.00
1394982392, 1.00
1394982469, 1.00
1394982547, 1.00
1394982624, 1.00
1394982701, 1.00
1394982778, 1.00
1394982855, 1.00
1394982932, 1.00
1394983009, 1.00
1394983086, 1.00
1394983163, 1.00
1394983240, 1.00
1394983317, 1.00
1394983394, 1.00
1394983472, 1.00
1394983549, 1.00
1394983626, 1.00
1394983703, 1.00
1394983780, 1.00
1394983857, 1.00
1394983934, 1.00
1394984088, 1.00
1394984165, 1.00
1394984242, 1.00
1394984319, 1.00
1394984396, 1.00
1394984473, 1.00
1394984550, 1.00
1394984627, 1.00
1394984705, 1.00
1394984782, 1.00
1394984859, 1.00
1394984936, 1.00
1394985090, 1.00
1394985167, 1.00
1394985244, 1.00
1394985321, 1.00
1394985398, 1.00
1394985476, 1.00
1394985553, 1.00
1394985630, 1.00
1394985707, 1.00
1394985784, 1.00
1394985861, 1.00
1394986015, 1.00
1394986092, 1.00
1394986169, 1.00
1394986246, 1.00
1394986323, 1.00
1394986400, 1.00
1394986478, 1.00
1394986555, 1.00
1394986632, 1.00
1394986709, 1.00
1394986786, 1.00
1394986863, 1.00
1394986940, 1.00
1394987017, 1.00
1394987094, 1.00
1394987172, 1.00
1394987249, 1.00
1394987327, 1.00
1394987404, 1.00
1394987481, 1.00
1394987559, 1.00
1394987636, 1.00
1394987713, 1.00
1394987791, 1.00
1394987868, 1.00
1394987945, 1.00
1394988023, 1.00
1394988100, 1.00
1394988177, 1.00
1394988254, 1.00
1394988331, 1.00
1394988408, 1.00
1394988486, 1.00
1394988563, 1.00
1394988717, 1.00
1394988794, 1.00
1394988872, 1.00
1394988949, 1.00
1394989026, 1.00
1394989103, 1.00
1394989180, 1.00
1394989335, 1.00
1394989412, 1.00
1394989489, 1.00
1394989567, 1.00
1394989644, 1.00
1394989799, 1.00
1394989877, 1.00
1394989955, 1.00
1394990032, 1.00
1394990109, 1.00
1394990186, 1.00
1394990264, 1.00
1394990341, 1.00
1394990418, 1.00
1394990495, 1.00
1394990572, 1.00
1394990649, 1.00
1394990726, 1.00
1394990804, 1.00
1394990881, 1.00
1394990958, 1.00
1394991035, 1.00
1394991112, 1.00
1394991189, 1.00
1394991266, 1.00
1394991343, 1.00
1394991421, 1.00
1394991498, 1.00
1394991575, 1.00
1394991652, 1.00
1394991729, 1.00
1394991806, 1.00
1394991884, 1.00
1394992038, 1.00
1394992116, 1.00
1394992193, 1.00
1394992270, 1.00
1394992347, 1.00
1394992424, 1.00
1394992501, 1.00
1394992578, 1.00
1394992655, 1.00
1394992733, 1.00
1394992810, 1.00
1394992887, 1.00
1394992964, 1.00
1394993041, 1.00
1394993118, 1.00
1394993196, 1.00
1394993273, 1.00
1394993350, 1.00
1394993428, 1.00
1394993505, 1.00
1394993582, 1.00
1394993659, 1.00
1394993736, 1.00
1394993813, 1.00
1394993890, 1.00
1394993967, 1.00
1394994044, 1.00
1394994121, 1.00
1394994198, 1.00
1394994275, 1.00
1394994352, 1.00
1394994429, 1.00
1394994506, 1.00
1394994583, 1.00
1394994661, 1.00
1394994738, 1.00
1394994815, 1.00
1394994892, 1.00
1394994969, 1.00
1394995046, 1.00
1394995124, 1.00
1394995201, 1.00
1394995278, 1.00
1394995355, 1.00
1394995432, 1.00
1394995509, 1.00
1394995586, 1.00
1394995663, 1.00
1394995740, 1.00
1394995817, 1.00
1394995894, 1.00
1394995971, 1.00
1394996048, 1.00
1394996125, 1.00
1394996202, 1.00
1394996279, 1.00
1394996356, 1.00
1394996434, 1.00
1394996511, 1.00
1394996588, 1.00
1394996665, 1.00
1394996742, 1.00
1394996819, 1.00
1394996896, 1.00
1394997050, 1.00
1394997127, 1.00
1394997204, 1.00
1394997281, 1.00
1394997358, 1.00
1394997435, 1.00
1394997512, 1.00
1394997589, 1.00
1394997666, 1.00
1394997743, 1.00
1394997820, 1.00
1394997898, 1.00
1394997975, 1.00
1394998129, 1.00
1394998206, 1.00
1394998283, 1.00
1394998360, 1.00
1394998437, 1.00
1394998514, 1.00
1394998591, 1.00
1394998668, 1.00
1394998745, 1.00
1394998822, 1.00
1394998899, 1.00
1394998976, 1.00
1394999054, 1.00
1394999131, 1.00
1394999208, 1.00
1394999285, 1.00
1394999362, 1.00
1394999439, 1.00
1394999516, 1.00
1394999747, 1.00
1394999824, 1.00
1394999901, 1.00
1394999978, 1.00
1395000055, 1.00
1395000132, 1.00
1395000209, 1.00
1395000286, 1.00
1395000363, 1.00
1395000441, 1.00
1395000518, 1.00
1395000595, 1.00
1395000672, 1.00
1395000749, 1.00
1395000826, 1.00
1395000903, 1.00
1395001134, 1.00
1395001211, 1.00
1395001289, 1.00
1395001366, 1.00
1395001443, 1.00
1395001520, 1.00
1395001597, 1.00
1395001674, 1.00
1395001751, 1.00
1395001905, 1.00
1395002059, 1.00
1395002136, 1.00
1395002213, 1.00
1395002290, 1.00
1395002367, 1.00
1395002444, 1.00
1395002521, 1.00
1395002598, 1.00
1395002675, 1.00
1395002752, 1.00
1395002829, 1.00
1395002906, 1.00
1395002983, 1.00
1395003060, 1.00
1395003137, 1.00
1395003215, 1.00
1395003292, 1.00
1395003369, 1.00
1395003446, 1.00
1395003523, 1.00
1395003600, 1.00
1395003677, 1.00
1395003754, 1.00
1395003831, 1.00
1395003908, 1.00
1395003985, 1.00
1395004062, 1.00
1395004139, 1.00
1395004216, 1.00
1395004293, 1.00
1395004371, 1.00
1395004448, 1.00
1395004525, 1.00
1395004602, 1.00
1395004679, 1.00
1395004756, 1.00
1395004833, 1.00
1395004910, 1.00
1395004987, 1.00
1395005064, 1.00
1395005141, 1.00
1395005218, 1.00
1395005295, 1.00
1395005372, 1.00
1395005449, 1.00
1395005526, 1.00
1395005603, 1.00
1395005681, 1.00
1395005758, 1.00
1395005835, 1.00
1395005912, 1.00
1395005989, 1.00
1395006066, 1.00
1395006143, 1.00
1395006220, 1.00
1395006297, 1.00
1395006374, 1.00
1395006528, 1.00
1395006605, 1.00
1395006682, 1.00
1395006759, 1.00
1395006836, 1.00
1395006913, 1.00
1395006990, 1.00
1395007067, 1.00
1395007144, 1.00
1395007222, 1.00
1395007299, 1.00
1395007376, 1.00
1395007453, 1.00
1395007530, 1.00
1395007607, 1.00
1395007684, 1.00
1395007761, 1.00
1395007838, 1.00
1395007915, 1.00
1395007992, 1.00
1395008069, 1.00
1395008146, 1.00
1395008223, 1.00
1395008300, 1.00
1395008377, 1.00
1395008454, 1.00
1395008532, 1.00
1395008609, 1.00
1395008686, 1.00
1395008763, 1.00
1395008840, 1.00
1395008917, 1.00
1395008994, 1.00
1395009071, 1.00
1395009148, 1.00
1395009225, 1.00
1395009302, 1.00
1395009379, 1.00
1395009456, 1.00
1395009533, 1.00
1395009610, 1.00
1395009687, 1.00
1395009764, 1.00
1395009841, 1.00
1395009918, 1.00
1395009995, 1.00
1395010072, 1.00
1395010150, 1.00
1395010227, 1.00
1395010304, 1.00
1395010381, 1.00
1395010535, 1.00
1395010612, 1.00
1395010689, 1.00
1395010766, 1.00
1395010843, 1.00
1395010920, 1.00
1395010997, 1.00
1395011074, 1.00
1395011152, 1.00
1395011229, 1.00
1395011306, 1.00
1395011383, 1.00
1395011460, 1.00
1395011537, 1.00
1395011614, 1.00
1395011692, 1.00
1395011769, 1.00
1395011846, 1.00
1395011923, 1.00
1395012000, 1.00
1395012077, 1.00
1395012154, 1.00
1395012231, 1.00
1395012308, 1.00
1395012385, 1.00
1395012462, 1.00
1395012539, 1.00
1395012616, 1.00
1395012693, 1.00
1395012770, 1.00
1395012847, 1.00
1395012925, 1.00
1395013002, 1.00
1395013079, 1.00
1395013156, 1.00
1395013310, 1.00
1395013387, 1.00
1395013464, 1.00
1395013541, 1.00
1395013618, 1.00
1395013695, 1.00
1395013772, 1.00
1395013849, 1.00
1395013926, 1.00
1395014003, 1.00
1395014080, 1.00
1395014158, 1.00
1395014235, 1.00
1395014389, 1.00
1395014466, 1.00
1395014543, 1.00
1395014620, 1.00
1395014697, 1.00
1395014774, 1.00
1395014851, 1.00
1395014928, 1.00
1395015005, 1.00
1395015082, 1.00
1395015159, 1.00
1395015236, 1.00
1395015313, 1.00
1395015390, 1.00
1395015467, 1.00
1395015544, 1.00
1395015622, 1.00
1395015699, 1.00
1395015776, 1.00
1395015853, 1.00
1395015930, 1.00
1395016007, 1.00
1395016084, 1.00
1395016161, 1.00
1395016238, 1.00
1395016315, 1.00
1395016392, 1.00
1395016470, 1.00
1395016625, 1.00
1395016702, 1.00
1395016779, 1.00
1395016856, 1.00
1395016934, 1.00
1395017011, 1.00
1395017089, 1.00
1395017166, 1.00
1395017243, 1.00
1395017320, 1.00
1395017397, 1.00
1395017474, 1.00
1395017551, 1.00
1395017629, 1.00
1395017706, 1.00
1395017783, 1.00
1395017860, 1.00
1395017938, 1.00
1395018015, 1.00
1395018246, 1.00
1395018323, 1.00
1395018400, 1.00
1395018477, 1.00
1395018554, 1.00
1395018632, 1.00
1395018710, 1.00
1395018787, 1.00
1395018864, 1.00
1395018942, 1.00
1395019019, 1.00
1395019097, 1.00
1395019175, 1.00
1395019252, 1.00
1395019329, 1.00
1395019407, 1.00
1395019484, 1.00
1395019562, 1.00
1395019640, 1.00
1395019717, 1.00
1395019794, 1.00
1395019871, 1.00
1395019948, 1.00
1395020025, 1.00
1395020102, 1.00
1395020180, 1.00
1395020257, 1.00
1395020334, 1.00
1395020411, 1.00
1395020488, 1.00
1395020565, 1.00
1395020642, 1.00
1395020720, 1.00
1395020797, 1.00
1395020875, 1.00
1395020952, 1.00
1395021030, 1.00
1395021107, 1.00
1395021185, 1.00
1395021263, 1.00
1395021341, 1.00
1395021418, 1.00
1395021495, 1.00
1395021572, 1.00
1395021649, 1.00
1395021726, 1.00
1395021803, 1.00
1395021880, 1.00
1395021957, 1.00
1395022035, 1.00
1395022189, 1.00
1395022267, 1.00
1395022344, 1.00
1395022421, 1.00
1395022498, 1.00
1395022575, 1.00
1395022653, 1.00
1395022730, 1.00
1395022807, 1.00
1395022885, 1.00
1395022962, 1.00
1395023040, 1.00
1395023117, 1.00
1395023194, 1.00
1395023271, 1.00
1395023349, 1.00
1395023426, 1.00
1395023503, 1.00
1395023580, 1.00
1395023658, 1.00
1395023736, 1.00
1395023813, 1.00
1395023967, 1.00
1395024044, 1.00
1395024199, 1.00
1395024276, 1.00
1395024353, 1.00
1395024430, 1.00
1395024508, 1.00
1395024585, 1.00
1395024662, 1.00
1395024739, 1.00
1395024816, 1.00
1395024893, 1.00
1395025047, 1.00
1395025124, 1.00
1395025201, 1.00
1395025278, 1.00
1395025355, 1.00
1395025432, 1.00
1395025509, 1.00
1395025586, 1.00
1395025663, 1.00
1395025740, 1.00
1395025817, 1.00
1395025895, 1.00
1395025972, 1.00
1395026049, 1.00
1395026126, 1.00
1395026203, 1.00
1395026280, 1.00
1395026357, 1.00
1395026434, 1.00
1395026511, 1.00
1395026588, 1.00
1395026665, 1.00
1395026742, 1.00
1395026819, 1.00
1395026896, 1.00
1395026973, 1.00
1395027050, 1.00
1395027127, 1.00
1395027204, 1.00
1395027281, 1.00
1395027358, 1.00
1395027435, 1.00
1395027512, 1.00
1395027589, 1.00
1395027667, 1.00
1395027744, 1.00
1395027821, 1.00
1395027898, 1.00
1395027975, 1.00
1395028052, 1.00
1395028129, 1.00
1395028206, 1.00
1395028283, 1.00
1395028360, 1.00
1395028437, 1.00
1395028514, 1.00
1395028591, 1.00
1395028669, 1.00
1395028746, 1.00
1395028823, 1.00
1395028900, 1.00
1395028977, 1.00
1395029054, 1.00
1395029131, 1.00
1395029208, 1.00
1395029286, 1.00
1395029363, 1.00
1395029440, 1.00
1395029517, 1.00
1395029594, 1.00
1395029671, 1.00
1395029749, 1.00
1395029826, 1.00
1395029903, 1.00
1395029980, 1.00
1395030057, 1.00
1395030134, 1.00
1395030212, 1.00
1395030289, 1.00
1395030366, 1.00
1395030443, 1.00
1395030520, 1.00
1395030597, 1.00
1395030674, 1.00
1395030751, 1.00
1395030828, 1.00
1395030983, 1.00
1395031060, 1.00
1395031138, 1.00
1395031215, 1.00
1395031292, 1.00
1395031369, 1.00
1395031446, 1.00
1395031523, 1.00
1395031600, 1.00
1395031677, 1.00
1395031755, 1.00
1395031832, 1.00
1395031909, 1.00
1395031986, 1.00
1395032063, 1.00
1395032140, 1.00
1395032218, 1.00
1395032295, 1.00
1395032372, 1.00
1395032449, 1.00
1395032526, 1.00
1395032603, 1.00
1395032680, 1.00
1395032758, 1.00
1395032835, 1.00
1395032912, 1.00
1395032989, 1.00
1395033066, 1.00
1395033143, 1.00
1395033220, 1.00
1395033297, 1.00
1395033374, 1.00
1395033451, 1.00
1395033529, 1.00
1395033606, 1.00
1395033683, 1.00
1395033760, 1.00
1395033837, 1.00
1395033914, 1.00
1395034068, 1.00
1395034145, 1.00
1395034222, 1.00
1395034299, 1.00
1395034376, 1.00
1395034454, 1.00
1395034531, 1.00
1395034608, 1.00
1395034685, 1.00
1395034763, 1.00
1395034840, 1.00
1395034917, 1.00
1395034994, 1.00
1395035071, 1.00
1395035148, 1.00
1395035225, 1.00
1395035302, 1.00
1395035379, 1.00
1395035456, 1.00
1395035533, 1.00
1395035610, 1.00
1395035687, 1.00
1395035764, 1.00
1395035841, 1.00
1395035918, 1.00
1395035995, 1.00
1395036072, 1.00
1395036149, 1.00
1395036227, 1.00
1395036304, 1.00
1395036381, 1.00
1395036458, 1.00
1395036535, 1.00
1395036612, 1.00
1395036690, 1.00
1395036767, 1.00
1395036844, 1.00
1395036921, 1.00
1395036998, 1.00
1395037075, 1.00
1395037153, 1.00
1395037230, 1.00
1395037307, 1.00
1395037384, 1.00
1395037461, 1.00
1395037538, 1.00
1395037615, 1.00
1395037692, 1.00
1395037769, 1.00
1395037923, 1.00
1395038000, 1.00
1395038077, 1.00
1395038154, 1.00
1395038231, 1.00
1395038308, 1.00
1395038386, 1.00
1395038463, 1.00
1395038540, 1.00
1395038617, 1.00
1395038694, 1.00
1395038771, 1.00
1395038848, 1.00
1395038925, 1.00
1395039003, 1.00
1395039080, 1.00
1395039157, 1.00
1395039234, 1.00
1395039311, 1.00
1395039388, 1.00
1395039465, 1.00
1395039542, 1.00
1395039619, 1.00
1395039773, 1.00
1395039850, 1.00
1395039927, 1.00
1395040004, 1.00
1395040081, 1.00
1395040158, 1.00
1395040235, 1.00
1395040312, 1.00
1395040389, 1.00
1395040466, 1.00
1395040544, 1.00
1395040621, 1.00
1395040698, 1.00
1395040775, 1.00
1395040852, 1.00
1395040929, 1.00
1395041006, 1.00
1395041083, 1.00
1395041160, 1.00
1395041237, 1.00
1395041314, 1.00
1395041391, 1.00
1395041468, 1.00
1395041545, 1.00
1395041622, 1.00
1395041699, 1.00
1395041776, 1.00
1395041853, 1.00
1395041930, 1.00
1395042007, 1.00
1395042085, 1.00
1395042162, 1.00
1395042239, 1.00
1395042316, 1.00
1395042393, 1.00
1395042547, 1.00
1395042624, 1.00
1395042701, 1.00
1395042778, 1.00
1395042855, 1.00
1395042932, 1.00
1395043010, 1.00
1395043087, 1.00
1395043164, 1.00
1395043241, 1.00
1395043318, 1.00
1395043395, 1.00
1395043472, 1.00
1395043549, 1.00
1395043626, 1.00
1395043703, 1.00
1395043780, 1.00
1395043857, 1.00
1395043934, 1.00
1395044011, 1.00
1395044088, 1.00
1395044165, 1.00
1395044242, 1.00
1395044319, 1.00
1395044396, 1.00
1395044473, 1.00
1395044551, 1.00
1395044628, 1.00
1395044705, 1.00
1395044782, 1.00
1395044936, 1.00
1395045013, 1.00
1395045090, 1.00
1395045167, 1.00
1395045244, 1.00
1395045322, 1.00
1395045399, 1.00
1395045476, 1.00
1395045553, 1.00
1395045630, 1.00
1395045707, 1.00
1395045784, 1.00
1395045861, 1.00
1395045938, 1.00
1395046016, 1.00
1395046093, 1.00
1395046170, 1.00
1395046247, 1.00
1395046324, 1.00
1395046401, 1.00
1395046478, 1.00
1395046555, 1.00
1395046632, 1.00
1395046709, 1.00
1395046786, 1.00
1395046863, 1.00
1395046940, 1.00
1395047017, 1.00
1395047094, 1.00
1395047172, 1.00
1395047249, 1.00
1395047326, 1.00
1395047403, 1.00
1395047480, 1.00
1395047557, 1.00
1395047634, 1.00
1395047712, 1.00
1395047789, 1.00
1395047866, 1.00
1395048020, 1.00
1395048097, 1.00
1395048174, 1.00
1395048251, 1.00
1395048328, 1.00
1395048405, 1.00
1395048482, 1.00
1395048560, 1.00
1395048637, 1.00
1395048714, 1.00
1395048791, 1.00
1395048868, 1.00
1395048945, 1.00
1395049022, 1.00
1395049100, 1.00
1395049177, 1.00
1395049254, 1.00
1395049331, 1.00
1395049408, 1.00
1395049485, 1.00
1395049563, 1.00
1395049640, 1.00
1395049717, 1.00
1395049794, 1.00
1395049871, 1.00
1395049948, 1.00
1395050025, 1.00
1395050102, 1.00
1395050180, 1.00
1395050257, 1.00
1395050334, 1.00
1395050411, 1.00
1395050488, 1.00
1395050565, 1.00
1395050642, 1.00
1395050719, 1.00
1395050796, 1.00
1395050873, 1.00
1395050950, 1.00
1395051104, 1.00
1395051181, 1.00
1395051258, 1.00
1395051335, 1.00
1395051412, 1.00
1395051489, 1.00
1395051566, 1.00
1395051643, 1.00
1395051720, 1.00
1395051797, 1.00
1395051874, 1.00
1395051951, 1.00
1395052028, 1.00
1395052105, 1.00
1395052182, 1.00
1395052260, 1.00
1395052337, 1.00
1395052414, 1.00
1395052491, 1.00
1395052568, 1.00
1395052645, 1.00
1395052722, 1.00
1395052876, 1.00
1395052953, 1.00
1395053030, 1.00
1395053107, 1.00
1395053184, 1.00
1395053261, 1.00
1395053338, 1.00
1395053415, 1.00
1395053492, 1.00
1395053570, 1.00
1395053647, 1.00
1395053724, 1.00
1395053801, 1.00
1395053878, 1.00
1395053955, 1.00
1395054032, 1.00
1395054109, 1.00
1395054186, 1.00
1395054263, 1.00
1395054340, 1.00
1395054417, 1.00
1395054494, 1.00
1395054571, 1.00
1395054648, 1.00
1395054725, 1.00
1395054802, 1.00
1395054880, 1.00
1395054957, 1.00
1395055034, 1.00
1395055111, 1.00
1395055188, 1.00
1395055265, 1.00
1395055342, 1.00
1395055573, 1.00
1395055650, 1.00
1395055727, 1.00
1395055804, 1.00
1395055881, 1.00
1395055958, 1.00
1395056035, 1.00
1395056112, 1.00
1395056189, 1.00
1395056266, 1.00
1395056343, 1.00
1395056420, 1.00
1395056497, 1.00
1395056574, 1.00
1395056651, 1.00
1395056728, 1.00
1395056805, 1.00
1395056883, 1.00
1395056960, 1.00
1395057037, 1.00
1395057114, 1.00
1395057345, 1.00
1395057422, 1.00
1395057499, 1.00
1395057576, 1.00
1395057653, 1.00
1395057730, 1.00
1395057807, 1.00
1395057884, 1.00
1395057961, 1.00
1395058039, 1.00
1395058116, 1.00
1395058193, 1.00
1395058270, 1.00
1395058347, 1.00
1395058424, 1.00
1395058501, 1.00
1395058578, 1.00
1395058655, 1.00
1395058732, 1.00
1395058809, 1.00
1395058886, 1.00
1395058963, 1.00
1395059040, 1.00
1395059117, 1.00
1395059194, 1.00
1395059271, 1.00
1395059349, 1.00
1395059426, 1.00
1395059503, 1.00
1395059580, 1.00
1395059657, 1.00
1395059734, 1.00
1395059812, 1.00
1395059889, 1.00
1395059966, 1.00
1395060043, 1.00
1395060120, 1.00
1395060197, 1.00
1395060274, 1.00
1395060351, 1.00
1395060428, 1.00
1395060505, 1.00
1395060736, 1.00
1395060813, 1.00
1395060890, 1.00
1395060967, 1.00
1395061044, 1.00
1395061121, 1.00
1395061198, 1.00
1395061275, 1.00
1395061352, 1.00
1395061429, 1.00
1395061506, 1.00
1395061583, 1.00
1395061660, 1.00
1395061738, 1.00
1395061815, 1.00
1395061892, 1.00
1395061969, 1.00
1395062046, 1.00
1395062123, 1.00
1395062200, 1.00
1395062277, 1.00
1395062431, 1.00
1395062508, 1.00
1395062585, 1.00
1395062662, 1.00
1395062739, 1.00
1395062816, 1.00
1395062893, 1.00
1395062970, 1.00
1395063048, 1.00
1395063125, 1.00
1395063202, 1.00
1395063279, 1.00
1395063356, 1.00
1395063433, 1.00
1395063510, 1.00
1395063741, 1.00
1395063818, 1.00
1395063895, 1.00
1395063972, 1.00
1395064049, 1.00
1395064126, 1.00
1395064210, 1.00
1395064287, 1.00
1395064364, 1.00
1395064441, 1.00
1395064518, 1.00
1395064595, 1.00
1395064672, 1.00
1395064749, 1.00
1395064826, 1.00
1395064903, 1.00
1395064980, 1.00
1395065057, 1.00
1395065134, 1.00
1395065211, 1.00
1395065289, 1.00
1395065366, 1.00
1395065443, 1.00
1395065520, 1.00
1395065597, 1.00
1395065828, 1.00
1395065905, 1.00
1395065982, 1.00
1395066059, 1.00
1395066136, 1.00
1395066213, 1.00
1395066290, 1.00
1395066367, 1.00
1395066445, 1.00
1395066522, 1.00
1395066599, 1.00
1395066676, 1.00
1395066754, 1.00
1395066831, 1.00
1395066908, 1.00
1395066985, 1.00
1395067062, 1.00
1395067139, 1.00
1395067217, 1.00
1395067372, 1.00
1395067449, 1.00
1395067526, 1.00
1395067603, 1.00
1395067680, 1.00
1395067757, 1.00
1395067834, 1.00
1395067911, 1.00
1395067988, 1.00
1395068065, 1.00
1395068142, 1.00
1395068219, 1.00
1395068296, 1.00
1395068373, 1.00
1395068450, 1.00
1395068528, 1.00
1395068605, 1.00
1395068682, 1.00
1395068759, 1.00
1395068836, 1.00
1395068913, 1.00
1395068990, 1.00
1395069067, 1.00
1395069144, 1.00
1395069221, 1.00
1395069298, 1.00
1395069375, 1.00
1395069452, 1.00
1395069529, 1.00
1395069606, 1.00
1395069683, 1.00
1395069760, 1.00
1395069837, 1.00
1395069914, 1.00
1395069991, 1.00
1395070069, 1.00
1395070146, 1.00
1395070223, 1.00
1395070300, 1.00
1395070377, 1.00
1395070454, 1.00
1395070531, 1.00
1395070608, 1.00
1395070685, 1.00
1395070762, 1.00
1395070839, 1.00
1395070916, 1.00
1395070993, 1.00
1395071070, 1.00
1395071148, 1.00
1395071225, 1.00
1395071379, 1.00
1395071456, 1.00
1395071533, 1.00
1395071610, 1.00
1395071687, 1.00
1395071764, 1.00
1395071841, 1.00
1395071919, 1.00
1395071996, 1.00
1395072073, 1.00
1395072150, 1.00
1395072227, 1.00
1395072304, 1.00
1395072381, 1.00
1395072458, 1.00
1395072535, 1.00
1395072612, 1.00
1395072689, 1.00
1395072767, 1.00
1395072845, 1.00
1395072922, 1.00
1395072999, 1.00
1395073077, 1.00
1395073154, 1.00
1395073231, 1.00
1395073309, 1.00
1395073386, 1.00
1395073464, 1.00
1395073541, 1.00
1395073619, 1.00
1395073696, 1.00
1395073773, 1.00
1395073851, 1.00
1395073928, 1.00
1395074005, 1.00
1395074082, 1.00
1395074159, 1.00
1395074237, 1.00
1395074391, 1.00
1395074469, 1.00
1395074546, 1.00
1395074623, 1.00
1395074700, 1.00
1395074777, 1.00
1395074854, 1.00
1395074931, 1.00
1395075009, 1.00
1395075088, 1.00
1395075165, 1.00
1395075243, 1.00
1395075320, 1.00
1395075397, 1.00
1395075474, 1.00
1395075551, 1.00
1395075628, 1.00
1395075705, 1.00
1395075782, 1.00
1395075859, 1.00
1395075936, 1.00
1395076013, 1.00
1395076090, 1.00
1395076244, 1.00
1395076321, 1.00
1395076398, 1.00
1395076475, 1.00
1395076552, 1.00
1395076630, 1.00
1395076707, 1.00
1395076861, 1.00
1395076938, 1.00
1395077015, 1.00
1395077092, 1.00
1395077170, 1.00
1395077247, 1.00
1395077324, 1.00
1395077401, 1.00
1395077478, 1.00
1395077632, 1.00
1395077709, 1.00
1395077786, 1.00
1395077863, 1.00
1395077940, 1.00
1395078017, 1.00
1395078095, 1.00
1395078172, 1.00
1395078249, 1.00
1395078326, 1.00
1395078403, 1.00
1395078481, 1.00
1395078558, 1.00
1395078635, 1.00
1395078712, 1.00
1395078789, 1.00
1395078866, 1.00
1395078944, 1.00
1395079021, 1.00
1395079098, 1.00
1395079175, 1.00
1395079253, 1.00
1395079407, 1.00
1395079484, 1.00
1395079561, 1.00
1395079638, 1.00
1395079715, 1.00
1395079792, 1.00
1395079869, 1.00
1395079946, 1.00
1395080024, 1.00
1395080101, 1.00
1395080178, 1.00
1395080255, 1.00
1395080333, 1.00
1395080410, 1.00
1395080487, 1.00
1395080564, 1.00
1395080641, 1.00
1395080718, 1.00
1395080795, 1.00
1395080872, 1.00
1395080949, 1.00
1395081026, 1.00
1395081103, 1.00
1395081180, 1.00
1395081257, 1.00
1395081334, 1.00
1395081411, 1.00
1395081488, 1.00
1395081565, 1.00
1395081642, 1.00
1395081720, 1.00
1395081797, 1.00
1395081874, 1.00
1395081951, 1.00
1395082028, 1.00
1395082107, 1.00
1395082185, 1.00
1395082262, 1.00
1395082340, 1.00
1395082417, 1.00
1395082494, 1.00
1395082572, 1.00
1395082650, 1.00
1395082728, 1.00
1395082805, 1.00
1395082882, 1.00
1395082959, 1.00
1395083036, 1.00
1395083113, 1.00
1395083190, 1.00
1395083267, 1.00
1395083344, 1.00
1395083421, 1.00
1395083498, 1.00
1395083575, 1.00
1395083652, 1.00
1395083729, 1.00
1395083806, 1.00
1395083884, 1.00
1395083961, 1.00
1395084038, 1.00
1395084115, 1.00
1395084192, 1.00
1395084269, 1.00
1395084346, 1.00
1395084423, 1.00
1395084500, 1.00
1395084577, 1.00
1395084654, 1.00
1395084731, 1.00
1395084808, 1.00
1395084886, 1.00
1395084963, 1.00
1395085040, 1.00
1395085117, 1.00
1395085194, 1.00
1395085271, 1.00
1395085348, 1.00
1395085425, 1.00
1395085502, 1.00
1395085656, 1.00
1395085733, 1.00
1395085810, 1.00
1395085887, 1.00
1395085964, 1.00
1395086041, 1.00
1395086118, 1.00
1395086196, 1.00
1395086273, 1.00
1395086350, 1.00
1395086427, 1.00
1395086504, 1.00
1395086581, 1.00
1395086658, 1.00
1395086735, 1.00
1395086812, 1.00
1395086889, 1.00
1395086974, 1.00
1395087055, 1.00
1395087132, 1.00
1395087209, 1.00
1395087286, 1.00
1395087363, 1.00
1395087440, 1.00
1395087517, 1.00
1395087594, 1.00
1395087671, 1.00
1395087748, 1.00
1395087826, 1.00
1395087914, 1.00
1395087991, 1.00
1395088068, 1.00
1395088146, 1.00
1395088223, 1.00
1395088300, 1.00
1395088378, 1.00
1395088455, 1.00
1395088686, 1.00
1395088764, 1.00
1395088852, 1.00
1395088929, 1.00
1395089006, 1.00
1395089084, 1.00
1395089161, 1.00
1395089239, 1.00
1395089316, 1.00
1395089393, 1.00
1395089474, 1.00
1395089551, 1.00
1395089639, 1.00
1395089717, 1.00
1395089802, 1.00
1395089879, 1.00
1395089956, 1.00
1395090033, 1.00
1395090111, 1.00
1395090188, 1.00
1395090266, 1.00
1395090343, 1.00
1395090420, 1.00
1395090497, 1.00
1395090574, 1.00
1395090651, 1.00
1395090728, 1.00
1395090806, 1.00
1395090883, 1.00
1395090960, 1.00
1395091038, 1.00
1395091115, 1.00
1395091192, 1.00
1395091270, 1.00
1395091347, 1.00
1395091424, 1.00
1395091501, 1.00
1395091578, 1.00
1395091655, 1.00
1395091733, 1.00
1395091810, 1.00
1395091887, 1.00
1395091965, 1.00
1395092120, 1.00
1395092198, 1.00
1395092276, 1.00
1395092353, 1.00
1395092431, 1.00
1395092509, 1.00
1395092586, 1.00
1395092664, 1.00
1395092741, 1.00
1395092819, 1.00
1395092897, 1.00
1395092974, 1.00
1395093051, 1.00
1395093129, 1.00
1395093206, 1.00
1395093284, 1.00
1395093361, 1.00
1395093439, 1.00
1395093516, 1.00
1395093594, 1.00
1395093672, 1.00
1395093750, 1.00
1395093827, 1.00
1395093905, 1.00
1395093983, 1.00
1395094061, 1.00
1395094139, 1.00
1395094216, 1.00
1395094294, 1.00
1395094371, 1.00
1395094448, 1.00
1395094526, 1.00
1395094603, 1.00
1395094681, 1.00
1395094760, 1.00
1395094837, 1.00
1395094915, 1.00
1395094992, 1.00
1395095071, 1.00
1395095148, 1.00
1395095225, 1.00
1395095303, 1.00
1395095381, 1.00
1395095458, 1.00
1395095536, 1.00
1395095614, 1.00
1395095692, 1.00
1395095770, 1.00
1395095847, 1.00
1395095925, 1.00
1395096002, 1.00
1395096081, 1.00
1395096159, 1.00
1395096236, 1.00
1395096314, 1.00
1395096392, 1.00
1395096470, 1.00
1395096549, 1.00
1395096626, 1.00
1395096703, 1.00
1395096781, 1.00
1395096858, 1.00
1395096936, 1.00
1395097014, 1.00
1395097091, 1.00
1395097168, 1.00
1395097246, 1.00
1395097323, 1.00
1395097401, 1.00
1395097479, 1.00
1395097557, 1.00
1395097634, 1.00
1395097711, 1.00
1395097788, 1.00
1395097865, 1.00
1395097942, 1.00
1395098019, 1.00
1395098096, 1.00
1395098173, 1.00
1395098250, 1.00
1395098327, 1.00
1395098404, 1.00
1395098481, 1.00
1395098559, 1.00
1395098636, 1.00
1395098713, 1.00
1395098790, 1.00
1395098867, 1.00
1395098944, 1.00
1395099022, 1.00
1395099099, 1.00
1395099253, 1.00
1395099330, 1.00
1395099407, 1.00
1395099484, 1.00
1395099561, 1.00
1395099638, 1.00
1395099715, 1.00
1395099793, 1.00
1395099870, 1.00
1395100101, 1.00
1395100178, 1.00
1395100256, 1.00
1395100333, 1.00
1395100410, 1.00
1395100487, 1.00
1395100565, 1.00
1395100643, 1.00
1395100797, 1.00
1395100875, 1.00
1395100952, 1.00
1395101030, 1.00
1395101108, 1.00
1395101185, 1.00
1395101262, 1.00
1395101340, 1.00
1395101417, 1.00
1395101494, 1.00
1395101571, 1.00
1395101648, 1.00
1395101726, 1.00
1395101803, 1.00
1395101957, 1.00
1395102034, 1.00
1395102111, 1.00
1395102188, 1.00
1395102265, 1.00
1395102342, 1.00
1395102419, 1.00
1395102496, 1.00
1395102573, 1.00
1395102650, 1.00
1395102728, 1.00
1395102806, 1.00
1395102883, 1.00
1395102960, 1.00
1395103037, 1.00
1395103114, 1.00
1395103191, 1.00
1395103268, 1.00
1395103345, 1.00
1395103422, 1.00
1395103500, 1.00
1395103577, 1.00
1395103654, 1.00
1395103731, 1.00
1395103808, 1.00
1395103885, 1.00
1395103962, 1.00
1395104039, 1.00
1395104116, 1.00
1395104193, 1.00
1395104270, 1.00
1395104347, 1.00
1395104424, 1.00
1395104501, 1.00
1395104578, 1.00
1395104656, 1.00
1395104740, 1.00
1395104817, 1.00
1395104901, 1.00
1395104979, 1.00
1395105056, 1.00
1395105133, 1.00
1395105210, 1.00
1395105287, 1.00
1395105441, 1.00
1395105518, 1.00
1395105595, 1.00
1395105672, 1.00
1395105749, 1.00
1395105826, 1.00
1395105903, 1.00
1395105980, 1.00
1395106058, 1.00
1395106136, 1.00
1395106213, 1.00
1395106290, 1.00
1395106367, 1.00
1395106444, 1.00
1395106521, 1.00
1395106598, 1.00
1395106676, 1.00
1395106753, 1.00
1395106907, 1.00
1395106984, 1.00
1395107062, 1.00
1395107139, 1.00
1395107216, 1.00
1395107293, 1.00
1395107370, 1.00
1395107448, 1.00
1395107526, 1.00
1395107603, 1.00
1395107681, 1.00
1395107761, 1.00
1395107839, 1.00
1395107916, 1.00
1395107993, 1.00
1395108070, 1.00
1395108147, 1.00
1395108224, 1.00
1395108302, 1.00
1395108380, 1.00
1395108457, 1.00
1395108535, 1.00
1395108612, 1.00
1395108689, 1.00
1395108766, 1.00
1395108843, 1.00
1395108920, 1.00
1395109003, 1.00
1395109080, 1.00
1395109157, 1.00
1395109235, 1.00
1395109312, 1.00
1395109390, 1.00
1395109467, 1.00
1395109622, 1.00
1395109700, 1.00
1395109778, 1.00
1395109855, 1.00
1395109934, 1.00
1395110011, 1.00
1395110089, 1.00
1395110167, 1.00
1395110245, 1.00
1395110400, 1.00
1395110478, 1.00
1395110556, 1.00
1395110633, 1.00
1395110720, 1.00
1395110808, 1.00
1395110885, 1.00
1395110963, 1.00
1395111040, 1.00
1395111128, 1.00
1395111206, 1.00
1395111284, 1.00
1395111361, 1.00
1395111439, 1.00
1395111516, 1.00
1395111593, 1.00
1395111672, 1.00
1395111750, 1.00
1395111827, 1.00
1395111904, 1.00
1395111981, 1.00
1395112058, 1.00
1395112135, 1.00
1395112212, 1.00
1395112289, 1.00
1395112366, 1.00
1395112444, 1.00
1395112521, 1.00
1395112598, 1.00
1395112675, 1.00
1395112906, 1.00
1395112983, 1.00
1395113060, 1.00
1395113137, 1.00
1395113214, 1.00
1395113291, 1.00
1395113368, 1.00
1395113446, 1.00
1395113523, 1.00
1395113600, 1.00
1395113677, 1.00
1395113754, 1.00
1395113831, 1.00
1395113908, 1.00
1395113985, 1.00
1395114062, 1.00
1395114139, 1.00
1395114216, 1.00
1395114293, 1.00
1395114370, 1.00
1395114447, 1.00
1395114524, 1.00
1395114602, 1.00
1395114679, 1.00
1395114756, 1.00
1395114833, 1.00
1395114987, 1.00
1395115064, 1.00
1395115141, 1.00
1395115218, 1.00
1395115295, 1.00
1395115372, 1.00
1395115450, 1.00
1395115527, 1.00
1395115604, 1.00
1395115681, 1.00
1395115989, 1.00
1395116066, 1.00
1395116144, 1.00
1395116375, 1.00
1395116452, 1.00
1395116529, 1.00
1395116606, 1.00
1395116683, 1.00
1395116760, 1.00
1395116837, 1.00
1395116914, 1.00
1395116992, 1.00
1395117069, 1.00
1395117146, 1.00
1395117223, 1.00
1395117301, 1.00
1395117378, 1.00
1395117455, 1.00
1395117532, 1.00
1395117609, 1.00
1395117686, 1.00
1395117763, 1.00
1395117841, 1.00
1395117918, 1.00
1395117995, 1.00
1395118072, 1.00
1395118149, 1.00
1395118303, 1.00
1395118380, 1.00
1395118457, 1.00
1395118534, 1.00
1395118611, 1.00
1395118688, 1.00
1395118765, 1.00
1395118843, 1.00
1395118920, 1.00
1395118997, 1.00
1395119074, 1.00
1395119229, 1.00
1395119306, 1.00
1395119383, 1.00
1395119460, 1.00
1395119537, 1.00
1395119614, 1.00
1395119691, 1.00
1395119768, 1.00
1395119845, 1.00
1395119922, 1.00
1395119999, 1.00
1395120076, 1.00
1395120153, 1.00
1395120230, 1.00
1395120308, 1.00
1395120385, 1.00
1395120462, 1.00
1395120539, 1.00
1395120616, 1.00
1395120693, 1.00
1395120771, 1.00
1395120848, 1.00
1395120925, 1.00
1395121002, 1.00
1395121079, 1.00
1395121156, 1.00
1395121233, 1.00
1395121311, 1.00
1395121388, 1.00
1395121465, 1.00
1395121543, 1.00
1395121620, 1.00
1395121697, 1.00
1395121774, 1.00
1395121851, 1.00
1395121928, 1.00
1395122005, 1.00
1395122082, 1.00
1395122160, 1.00
1395122237, 1.00
1395122315, 1.00
1395122546, 1.00
1395122623, 1.00
1395122700, 1.00
1395122778, 1.00
1395122856, 1.00
1395122933, 1.00
1395123010, 1.00
1395123088, 1.00
1395123165, 1.00
1395123243, 1.00
1395123320, 1.00
1395123398, 1.00
1395123475, 1.00
1395123553, 1.00
1395123630, 1.00
1395123708, 1.00
1395123785, 1.00
1395123863, 1.00
1395123940, 1.00
1395124018, 1.00
1395124095, 1.00
1395124172, 1.00
1395124249, 1.00
1395124326, 1.00
1395124481, 1.00
1395124559, 1.00
1395124636, 1.00
1395124714, 1.00
1395124792, 1.00
1395124870, 1.00
1395124948, 1.00
1395125025, 1.00
1395125103, 1.00
1395125180, 1.00
1395125257, 1.00
1395125335, 1.00
1395125412, 1.00
1395125490, 1.00
1395125567, 1.00
1395125645, 1.00
1395125722, 1.00
1395125800, 1.00
